2.500000000000000052e-03 1.119556253109655881e+04 1.621734541197264844e+04
7.499999999999999722e-03 1.621320511630800138e+04 1.264066440635843355e+04
1.250000000000000069e-02 1.884564069524520164e+04 1.303018357844983984e+04
1.750000000000000167e-02 1.970441776036600277e+04 1.711613698134159858e+04
2.249999999999999917e-02 1.854548272969319805e+04 1.374249287888072286e+04
2.750000000000000014e-02 1.678100046227360144e+04 1.337345854449703984e+04
3.250000000000000111e-02 1.466310656067159653e+04 1.120146047201888177e+04
3.749999999999999861e-02 1.283987823490320079e+04 9.881792956738920111e+03
4.250000000000000305e-02 1.129916761342999962e+04 8.448151663605200156e+03
4.750000000000000056e-02 1.020991919787844017e+04 7.477913502848159624e+03
5.249999999999999806e-02 9.389402433424640549e+03 7.053690794589040706e+03
5.750000000000000250e-02 8.820704200520918675e+03 6.576372909917839934e+03
6.250000000000000000e-02 8.277313028119360752e+03 6.243961896079599683e+03
6.750000000000000444e-02 7.772095578496120652e+03 5.766473019085480701e+03
7.249999999999999500e-02 7.232268274163920069e+03 5.281985410175640027e+03
7.749999999999999944e-02 6.655018660958200599e+03 4.800365422913359907e+03
8.250000000000000389e-02 6.084179314558600709e+03 4.387644406992119912e+03
8.749999999999999445e-02 5.503908438931560340e+03 4.102738141084319068e+03
9.249999999999999889e-02 4.974058689556600257e+03 3.595102516170919898e+03
9.750000000000000333e-02 4.509283056441279768e+03 3.275389378061559910e+03
1.024999999999999939e-01 4.162574399241359970e+03 3.025250556166040042e+03
1.074999999999999983e-01 3.887389396441400095e+03 2.795185275498000465e+03
1.125000000000000028e-01 3.671713983089640351e+03 2.653753800555479756e+03
1.174999999999999933e-01 3.511779026310679455e+03 2.490474157381840087e+03
1.224999999999999978e-01 3.354912295266720321e+03 2.369168180933760141e+03
1.275000000000000022e-01 3.221725062833400443e+03 2.242004554584119887e+03
1.325000000000000067e-01 3.065203296208719166e+03 2.068244575708439697e+03
1.375000000000000111e-01 2.908511961810879711e+03 2.023885603952759993e+03
1.424999999999999878e-01 2.728905648312240373e+03 1.846703187653879922e+03
1.474999999999999922e-01 2.549200055463439639e+03 1.732325760238479916e+03
1.524999999999999967e-01 2.380566895901600219e+03 1.659169170298800054e+03
1.575000000000000011e-01 2.233175146594200214e+03 1.545264163588400152e+03
1.625000000000000056e-01 2.103787146050440242e+03 1.438941841958000168e+03
1.675000000000000100e-01 1.997896935770040045e+03 1.367156787421439958e+03
1.724999999999999867e-01 1.901314050704920191e+03 1.302442683734839875e+03
1.774999999999999911e-01 1.825795740243079763e+03 1.218019020518200023e+03
1.824999999999999956e-01 1.761780625461640057e+03 1.167860480463400108e+03
1.875000000000000000e-01 1.700633825699280123e+03 1.118581444421280139e+03
1.925000000000000044e-01 1.636093592631760202e+03 1.057071556300919838e+03
1.975000000000000089e-01 1.568423077358319915e+03 1.012979082444456026e+03
2.025000000000000133e-01 1.504840153804600050e+03 9.602997487734360220e+02
2.074999999999999900e-01 1.434155451644640152e+03 9.118924161621039275e+02
2.124999999999999944e-01 1.375252507829559818e+03 8.754868158030238874e+02
2.174999999999999989e-01 1.309361289716639931e+03 8.331968255611319591e+02
2.225000000000000033e-01 1.254250795563040128e+03 8.016374215052439922e+02
2.275000000000000078e-01 1.203131297686840071e+03 7.604391744626121863e+02
2.325000000000000122e-01 1.156378959972079883e+03 7.330559945448760573e+02
2.374999999999999889e-01 1.113647767111960093e+03 6.938764146462199278e+02
2.424999999999999933e-01 1.075866985183760107e+03 6.576638400441959220e+02
2.474999999999999978e-01 1.040745468481159833e+03 6.365558588717240127e+02
2.525000000000000022e-01 1.006051691300819925e+03 5.994684028496360497e+02
2.575000000000000067e-01 9.741861713757799635e+02 5.776961154708760660e+02
2.625000000000000111e-01 9.409271855836119585e+02 5.532851108528079749e+02
2.675000000000000155e-01 9.114430562178720265e+02 5.312522820981799896e+02
2.725000000000000200e-01 8.765416167348760155e+02 5.067080575936079754e+02
2.775000000000000244e-01 8.475646846501920209e+02 4.860836261851760582e+02
2.824999999999999734e-01 8.200775587998999754e+02 4.684377745377040014e+02
2.874999999999999778e-01 7.933163295059279108e+02 4.473351920976719498e+02
2.924999999999999822e-01 7.674603346411041684e+02 4.305501680733440253e+02
2.974999999999999867e-01 7.432814511369240336e+02 4.125183487478680036e+02
3.024999999999999911e-01 7.207850648566239897e+02 3.977189015390840154e+02
3.074999999999999956e-01 6.985306491930319908e+02 3.826238320641639916e+02
3.125000000000000000e-01 6.773094353305839377e+02 3.609096363258760789e+02
3.175000000000000044e-01 6.598560396248999496e+02 3.483436960478520632e+02
3.225000000000000089e-01 6.396288841294359599e+02 3.345889557940039936e+02
3.275000000000000133e-01 6.219646261389840447e+02 3.190311803348719764e+02
3.325000000000000178e-01 6.045767100959319578e+02 3.086961552703559732e+02
3.375000000000000222e-01 5.874380173808760901e+02 2.948543279702960263e+02
3.425000000000000266e-01 5.716193383572319817e+02 2.851461086692559661e+02
3.474999999999999756e-01 5.552224378188719811e+02 2.721713754760879738e+02
3.524999999999999800e-01 5.406265245352279862e+02 2.633230916091600307e+02
3.574999999999999845e-01 5.252998780336560003e+02 2.526882894482839674e+02
3.624999999999999889e-01 5.117417354031479704e+02 2.410596146401919668e+02
3.674999999999999933e-01 4.982618673182479938e+02 2.321174318377920258e+02
3.724999999999999978e-01 4.849547084025600157e+02 2.202019141446719743e+02
3.775000000000000022e-01 4.722857741779000094e+02 2.128844084725839991e+02
3.825000000000000067e-01 4.619984639804720246e+02 2.060015081424000130e+02
3.875000000000000111e-01 4.496024556692920555e+02 1.963734725234240273e+02
3.925000000000000155e-01 4.379970018746519713e+02 1.909431458476400110e+02
3.975000000000000200e-01 4.276706900874920620e+02 1.814368305995479886e+02
4.025000000000000244e-01 4.164229030723839742e+02 1.728143669574440366e+02
4.074999999999999734e-01 4.067426517488199806e+02 1.668143351416919984e+02
4.124999999999999778e-01 3.974398340345480278e+02 1.591552479337839827e+02
4.174999999999999822e-01 3.883790133525279771e+02 1.541382463345399856e+02
4.224999999999999867e-01 3.783049156664599764e+02 1.476598178067999925e+02
4.274999999999999911e-01 3.698586057758479910e+02 1.429524546163639798e+02
4.324999999999999956e-01 3.610785729069799572e+02 1.349570927818199948e+02
4.375000000000000000e-01 3.527911551168959932e+02 1.299276079180440036e+02
4.425000000000000044e-01 3.454873234291959534e+02 1.254497989078280114e+02
4.475000000000000089e-01 3.371854790423320196e+02 1.189627166097719737e+02
4.525000000000000133e-01 3.299623855231680523e+02 1.149907127941719978e+02
4.575000000000000178e-01 3.227792992704760309e+02 1.099476755436320161e+02
4.625000000000000222e-01 3.157565368955879990e+02 1.058565513196119952e+02
4.675000000000000266e-01 3.087430597874279670e+02 1.015736411278787870e+02
4.724999999999999756e-01 3.024127560589559494e+02 9.599997252992240249e+01
4.774999999999999800e-01 2.957881089130399914e+02 9.173547871841998358e+01
4.824999999999999845e-01 2.896921831402719931e+02 8.764503465439958063e+01
4.874999999999999889e-01 2.833793078634680001e+02 8.436905068602000313e+01
4.924999999999999933e-01 2.778640663156920141e+02 8.156251045830600788e+01
4.974999999999999978e-01 2.718948380846159694e+02 7.671298152849040264e+01
