3.798113219970000211e-03 1.042486392065313339e+04 8.259703288762999364e+03
8.299341198366999919e-03 1.611544953357085797e+04 1.273559045788975527e+04
1.293222785829000084e-02 1.921754745415709840e+04 1.513909471599683638e+04
1.764839540058999942e-02 1.974068596942536169e+04 1.548815435827225519e+04
2.256548624742999928e-02 1.866408337980468423e+04 1.457275919418767808e+04
2.777643631869999852e-02 1.680326719226196292e+04 1.304945409551324519e+04
3.269804945164000304e-02 1.475724915051659627e+04 1.139573460919930585e+04
3.761648412163000332e-02 1.289196285864448510e+04 9.897841706216255261e+03
4.263843590652999921e-02 1.138204319018592105e+04 8.686695478502839251e+03
4.756514397867000338e-02 1.024479849536876645e+04 7.769264364965016284e+03
5.262095846539999872e-02 9.419877074458101561e+03 7.093534659448005186e+03
5.756031579009000115e-02 8.804220465970847727e+03 6.578008325906454957e+03
6.254738086573000122e-02 8.290964186289775171e+03 6.142230974652322402e+03
6.757793245804999405e-02 7.793452504699761448e+03 5.724380003840127756e+03
7.255917271874000318e-02 7.260883141510979840e+03 5.291041434657472564e+03
7.753384095837000112e-02 6.682726462985834587e+03 4.837957657433931672e+03
8.251793095581000381e-02 6.080767202901486598e+03 4.382088968055534679e+03
8.752751585854999516e-02 5.493849141446620706e+03 3.949544126465126737e+03
9.254701595891000332e-02 4.961030693576838530e+03 3.563862613484575377e+03
9.754962816584999974e-02 4.509045592501102874e+03 3.238465846170645818e+03
1.025319577550000000e-01 4.147932404940997003e+03 2.975165256703393425e+03
1.075115963338000025e-01 3.871757444267017490e+03 2.766179104874670884e+03
1.125102824868999957e-01 3.662825928404541173e+03 2.598066607206286790e+03
1.175500815351000067e-01 3.497959703049861218e+03 2.456174149511287396e+03
1.225369407692999957e-01 3.353917896576174371e+03 2.327811655755445827e+03
1.275260915928999872e-01 3.211453155726575460e+03 2.204046167732914910e+03
1.325302049517000091e-01 3.058736095123352243e+03 2.080656774266198681e+03
1.375062658168000052e-01 2.892847579773857433e+03 1.957752497119959116e+03
1.425134383761000045e-01 2.718065660739605846e+03 1.838087459350034578e+03
1.475259185390999928e-01 2.543111366821510273e+03 1.725276934403807445e+03
1.525299392619000050e-01 2.377665549238902713e+03 1.622046635794875783e+03
1.574945641255000028e-01 2.229215453351703673e+03 1.529371535640813590e+03
1.625189271702000005e-01 2.101653120193604082e+03 1.446451562810872019e+03
1.675460952755999933e-01 1.994872073727452516e+03 1.371400009019640493e+03
1.725291960337000108e-01 1.906135627856098836e+03 1.302135302287504146e+03
1.775301907016000047e-01 1.830768109442808736e+03 1.237111044725198326e+03
1.825147596880999923e-01 1.763765586172810345e+03 1.175424688161193899e+03
1.875360659895000115e-01 1.700382448855163148e+03 1.116816802183062919e+03
1.925323612842000098e-01 1.637248033768186133e+03 1.061528952409752947e+03
1.975198597712999882e-01 1.572608616494330363e+03 1.010110219631093628e+03
2.025153626491000003e-01 1.506308410320516714e+03 9.627055972942653170e+02
2.075088432182000120e-01 1.439765721756727999e+03 9.188245808296934456e+02
2.125177993513999997e-01 1.374644445832195288e+03 8.777955049655452058e+02
2.175004105537000076e-01 1.312763265288682305e+03 8.389137871170894414e+02
2.225093097264000119e-01 1.255492781472122260e+03 8.014999194645565694e+02
2.275289518807999956e-01 1.203236045928355907e+03 7.650445757822519681e+02
2.325285335280999899e-01 1.156028445907071273e+03 7.291674146930810139e+02
2.375276482184000004e-01 1.113152859117247317e+03 6.937226732410242676e+02
2.424990955346000010e-01 1.073544307580501481e+03 6.587178656774318597e+02
2.474998477593000068e-01 1.036224625257392745e+03 6.243339681903702285e+02
2.525200231636999804e-01 1.000317924092271710e+03 5.909368012142717816e+02
2.575182183020999771e-01 9.650780430633878950e+02 5.588950841695287863e+02
2.625255611121999899e-01 9.303051566569359920e+02 5.284044252316762140e+02
2.675305453619999940e-01 8.960767350073166426e+02 4.995545102939680646e+02
2.725404518958000066e-01 8.625329685388419421e+02 4.723122014624927374e+02
2.775333128254000026e-01 8.299776504800746579e+02 4.463468137128600119e+02
2.825123834702000236e-01 7.987512415366275036e+02 4.212496955918776393e+02
2.875104583320000073e-01 7.690474303871027359e+02 3.966550334344084945e+02
2.924971256069999748e-01 7.407965390938588826e+02 3.722840295790596201e+02
2.975058753682999768e-01 7.138858616039599383e+02 3.478925148729615557e+02
3.025121290118000239e-01 6.881752312304114412e+02 3.233766204048879445e+02
3.075010305668999799e-01 6.634591408146009144e+02 2.989001911366163995e+02
3.125134098099000002e-01 6.395284298134970413e+02 2.746939448100357595e+02
3.175159610161000234e-01 6.162076344823971112e+02 2.509439763091715463e+02
3.225221298316999774e-01 5.933890687084034425e+02 2.276655939851488313e+02
3.275181648077000185e-01 5.709822609281984569e+02 2.048135768488612030e+02
3.325123749530999873e-01 5.489070145652732435e+02 1.823370752511236788e+02
3.374959275080999799e-01 5.271753276305745430e+02 1.601733666444715425e+02
3.424919127582999878e-01 5.058646843843181387e+02 1.382574969375136789e+02
3.475179694434000210e-01 4.850532376423628875e+02 1.165331913561584827e+02
3.525059921295999876e-01 4.647901035747174774e+02 9.495821712966835548e+01
3.575140093809999753e-01 4.450636726208794016e+02 7.350775176363512742e+01
3.625250121899999955e-01 4.258495993315336250e+02 5.216418933164787575e+01
3.675230343841999758e-01 4.071245352041112824e+02 3.091500043671152653e+01
3.725176954698999898e-01 3.888511964591824039e+02 9.760199143774970665e+00
3.775162922270000054e-01 3.709742513887953237e+02 -1.128752556174294597e+01
3.825226775014000102e-01 3.534378112757098052e+02 -3.221308370441028046e+01
3.875129949298999898e-01 3.361895981232419217e+02 -5.300257919065660417e+01
3.924957752247000276e-01 3.191948702542869682e+02 -7.366754115503555056e+01
3.975064587041999831e-01 3.024358375954833491e+02 -9.424500597352492548e+01
4.025281591739000020e-01 2.858967219933616093e+02 -1.147718674358188053e+02
4.075225831109000052e-01 2.695623067835905999e+02 -1.352817665774851434e+02
4.125228099575000140e-01 2.534201997311938612e+02 -1.557994002801696638e+02
4.175153165359000162e-01 2.374621812590939953e+02 -1.763384950945831804e+02
4.225112269531999809e-01 2.216816112422236813e+02 -1.969089656516557341e+02
4.275193341826000193e-01 2.060728455370074812e+02 -2.175178168143400512e+02
4.325204712562999987e-01 1.906305355548778380e+02 -2.381663180321852167e+02
4.375072259221000071e-01 1.753483224139287415e+02 -2.588448773101733877e+02
4.424932815307000000e-01 1.602199474775489421e+02 -2.795391681963533301e+02
4.475081036444000238e-01 1.452399248848273032e+02 -3.002328292302856880e+02
4.525091505980999851e-01 1.304034923808042095e+02 -3.209086198658651483e+02
4.575059382916999984e-01 1.157041229945128293e+02 -3.415641871752545740e+02
4.625073094671000029e-01 1.011325029183917650e+02 -3.622157268776333581e+02
4.675075876475999759e-01 8.667903311327576432e+01 -3.828802997877783696e+02
4.725094673408999912e-01 7.233420604483468708e+01 -4.035735269626487707e+02
4.775010455491999761e-01 5.808864940209002725e+01 -4.243095326290331286e+02
4.825040702185999786e-01 4.393316817775330207e+01 -4.451008911325371855e+02
4.875082594715999806e-01 2.985878519293187239e+01 -4.659585772792763123e+02
4.925128965755000143e-01 1.585678014566599536e+01 -4.868919194906083021e+02
4.975154922626999765e-01 1.918727259301418187e+00 -5.079085552397248193e+02
