2.500000000000000919e-03 9.535547545305280437e+03 7.625687541659927774e+03
7.500000000000003192e-03 1.582959612514636319e+04 1.258371627601752698e+04
1.250000000000000243e-02 1.902542854904477281e+04 1.505963388044348903e+04
1.750000000000001207e-02 1.959581547627058899e+04 1.543859256385814479e+04
2.250000000000000611e-02 1.855259784283753106e+04 1.453879830980641418e+04
2.750000000000000014e-02 1.671759245367546100e+04 1.303095848475148523e+04
3.249999999999998029e-02 1.468979445457180373e+04 1.138598279995534722e+04
3.749999999999998473e-02 1.283975201535327324e+04 9.892701232677691223e+03
4.249999999999999611e-02 1.133893452225756846e+04 8.684227633379023246e+03
4.750000000000001443e-02 1.021107199275260064e+04 7.770709731924811422e+03
5.249999999999999806e-02 9.393172563159054334e+03 7.097021189964934820e+03
5.750000000000003719e-02 8.784302994432046034e+03 6.581368176600191873e+03
6.250000000000000000e-02 8.277093739243417076e+03 6.144068761513230129e+03
6.749999999999996281e-02 7.785816121358991950e+03 5.727501164448501186e+03
7.249999999999998113e-02 7.258336264398520143e+03 5.294700347434710238e+03
7.749999999999994393e-02 6.684118428172560925e+03 4.843121075176490194e+03
8.250000000000000389e-02 6.084811788177765266e+03 4.389827457725093154e+03
8.749999999999998057e-02 5.499364763182386014e+03 3.960312363112754610e+03
9.249999999999997113e-02 4.967206320157497430e+03 3.577888412479118870e+03
9.750000000000000333e-02 4.515413010305292119e+03 3.254855914813691015e+03
1.025000000000000078e-01 4.154144018362933821e+03 2.992641031273779845e+03
1.074999999999999567e-01 3.877144066290371484e+03 2.782043387309317040e+03
1.124999999999999611e-01 3.667704208163264866e+03 2.612022631845674823e+03
1.175000000000000211e-01 3.502470542023194866e+03 2.466995227377242827e+03
1.225000000000000533e-01 3.358388081944208807e+03 2.335866615885155625e+03
1.274999999999999745e-01 3.216225431132646918e+03 2.210414006212603908e+03
1.324999999999999789e-01 3.063541450072473253e+03 2.085136413615858146e+03
1.375000000000000389e-01 2.897489341166061422e+03 1.961267495398301207e+03
1.425000000000000155e-01 2.722660210445444591e+03 1.842159169099090377e+03
1.474999999999999922e-01 2.547379537153481579e+03 1.729994961421914240e+03
1.524999999999999134e-01 2.381003655391736629e+03 1.626749219581289708e+03
1.575000000000000844e-01 2.231240098357507122e+03 1.533464818933731749e+03
1.625000000000000333e-01 2.102224202882654936e+03 1.449441697087290549e+03
1.675000000000000377e-01 1.994336577695628193e+03 1.373260050875854859e+03
1.724999999999999312e-01 1.904919248213784158e+03 1.303427631558462281e+03
1.775000000000001021e-01 1.829236690218273907e+03 1.238241071126407860e+03
1.825000000000000788e-01 1.762057770925350951e+03 1.176419355409822401e+03
1.875000000000000000e-01 1.698780296617188014e+03 1.117662475642817299e+03
1.924999999999999212e-01 1.635824245252036690e+03 1.062233262437634494e+03
1.974999999999998701e-01 1.571275182385377548e+03 1.010478423713322400e+03
2.025000000000000133e-01 1.505086595655928022e+03 9.625467666916204053e+02
2.074999999999999345e-01 1.438531763091610856e+03 9.182298070486024244e+02
2.124999999999999944e-01 1.373510085929863635e+03 8.769773323729892809e+02
2.174999999999999989e-01 1.311802965430937093e+03 8.379501920349091506e+02
2.225000000000000311e-01 1.254625843177566821e+03 8.002797088502302358e+02
2.275000000000000078e-01 1.202595134384291441e+03 7.634535681272515149e+02
2.324999999999999567e-01 1.155686192229676180e+03 7.273697918897655654e+02
2.374999999999999611e-01 1.113432411372968545e+03 6.922017872422636628e+02
2.424999999999999378e-01 1.074908603992967755e+03 6.580604585720675459e+02
2.474999999999998868e-01 1.038938458714269473e+03 6.249322413127898699e+02
2.525000000000001688e-01 1.004455073690026438e+03 5.928669942986613250e+02
2.575000000000000622e-01 9.707404792768141988e+02 5.620937042600909308e+02
2.625000000000000666e-01 9.375201815641539724e+02 5.329467830773029391e+02
2.675000000000000155e-01 9.048185687047307511e+02 5.056021756894494388e+02
2.725000000000000200e-01 8.728722997932200087e+02 4.799395943640621454e+02
2.774999999999999689e-01 8.419694697708038120e+02 4.555580890318278762e+02
2.824999999999998068e-01 8.123815668799878722e+02 4.319854348476867472e+02
2.874999999999998668e-01 7.843594616639461492e+02 4.089107761741913691e+02
2.925000000000001488e-01 7.579551313303402367e+02 3.862142812733485471e+02
2.975000000000000422e-01 7.331107293456514071e+02 3.639491333154667245e+02
3.025000000000001577e-01 7.097207465687650938e+02 3.422390613342271308e+02
3.075000000000000511e-01 6.875823893789695376e+02 3.211118096379519784e+02
3.125000000000000000e-01 6.665537887066946041e+02 3.005455878927223807e+02
3.174999999999999489e-01 6.464647415758556690e+02 2.804917939783358634e+02
3.224999999999998423e-01 6.271140595606410670e+02 2.608850074027438950e+02
3.274999999999999578e-01 6.083465592354873479e+02 2.417244957155038492e+02
3.324999999999997402e-01 5.900616571096811640e+02 2.230694415375524500e+02
3.375000000000001332e-01 5.722254496620910231e+02 2.049147440590769520e+02
3.425000000000001377e-01 5.548659187815700307e+02 1.871854487129556901e+02
3.475000000000000311e-01 5.380166391291845684e+02 1.698002875160137819e+02
3.524999999999999245e-01 5.217093120542043607e+02 1.526798640387920614e+02
3.574999999999999845e-01 5.059756389058992454e+02 1.357447818518303393e+02
3.624999999999999334e-01 4.908473210335374119e+02 1.189156445256694496e+02
3.674999999999999378e-01 4.763560597863954058e+02 1.021130556308544328e+02
3.724999999999999978e-01 4.625335565137275466e+02 8.525761873791998369e+01
3.775000000000000577e-01 4.494115125648282856e+02 6.826993741741171107e+01
3.825000000000000622e-01 4.370216292889692795e+02 5.107061523987067631e+01
3.875000000000000111e-01 4.253956080353543712e+02 3.358025577583612176e+01
3.925000000000000155e-01 4.145651501533302508e+02 1.571946259585820371e+01
3.975000000000000755e-01 4.045619569922087067e+02 -2.591160729534749407e+00
4.024999999999999689e-01 3.954177299010930255e+02 -2.143101062982168514e+01
4.074999999999999734e-01 3.871641702293891285e+02 -4.087948353443061933e+01
4.124999999999998668e-01 3.798329793263401370e+02 -6.101597587275318801e+01
4.175000000000001488e-01 3.734558585411659806e+02 -8.191988407442113385e+01
4.224999999999999312e-01 3.680645092233162359e+02 -1.036706045687897131e+02
4.275000000000001577e-01 3.636906327217466242e+02 -1.263475337852723897e+02
4.324999999999999400e-01 3.603659303861404624e+02 -1.500300681533117313e+02
4.375000000000000000e-01 3.581221035653088620e+02 -1.747976041026995517e+02
4.425000000000000600e-01 3.569908536086386448e+02 -2.007295380622963421e+02
4.474999999999998423e-01 3.570038818657612865e+02 -2.279052664621267468e+02
4.525000000000001243e-01 3.581928896854769846e+02 -2.564041857312549837e+02
4.574999999999996847e-01 3.605895784178865142e+02 -2.863056922992691398e+02
4.625000000000000777e-01 3.642256494112079963e+02 -3.176891825960483402e+02
4.674999999999999156e-01 3.691328040147345746e+02 -3.506340530504239723e+02
4.725000000000000866e-01 3.753427435787634749e+02 -3.852197000918677077e+02
4.774999999999997025e-01 3.828871694516637945e+02 -4.215255201504332945e+02
4.824999999999999845e-01 3.917977829826922971e+02 -4.596309096547774971e+02
4.875000000000000999e-01 4.021062855216077878e+02 -4.996152650354197249e+02
4.924999999999998823e-01 4.138443784179034992e+02 -5.415579827209003270e+02
4.975000000000001088e-01 4.270437630192245706e+02 -5.855384591410402209e+02
