    0.10424E-04    0.53581E+02
    0.10634E-04    0.54628E+02
    0.10849E-04    0.55695E+02
    0.11068E-04    0.56784E+02
    0.11292E-04    0.57893E+02
    0.11520E-04    0.59024E+02
    0.11753E-04    0.60178E+02
    0.11990E-04    0.61354E+02
    0.12232E-04    0.62552E+02
    0.12480E-04    0.63775E+02
    0.12732E-04    0.65021E+02
    0.12989E-04    0.66291E+02
    0.13251E-04    0.67587E+02
    0.13519E-04    0.68907E+02
    0.13792E-04    0.70254E+02
    0.14071E-04    0.71627E+02
    0.14355E-04    0.73026E+02
    0.14645E-04    0.74453E+02
    0.14941E-04    0.75908E+02
    0.15243E-04    0.77391E+02
    0.15550E-04    0.78904E+02
    0.15865E-04    0.80445E+02
    0.16185E-04    0.82017E+02
    0.16512E-04    0.83620E+02
    0.16846E-04    0.85254E+02
    0.17186E-04    0.86920E+02
    0.17533E-04    0.88618E+02
    0.17887E-04    0.90350E+02
    0.18249E-04    0.92115E+02
    0.18617E-04    0.93915E+02
    0.18993E-04    0.95750E+02
    0.19377E-04    0.97621E+02
    0.19768E-04    0.99529E+02
    0.20168E-04    0.10147E+03
    0.20575E-04    0.10346E+03
    0.20991E-04    0.10548E+03
    0.21415E-04    0.10754E+03
    0.21848E-04    0.10964E+03
    0.22289E-04    0.11178E+03
    0.22739E-04    0.11397E+03
    0.23199E-04    0.11619E+03
    0.23667E-04    0.11846E+03
    0.24145E-04    0.12078E+03
    0.24633E-04    0.12314E+03
    0.25131E-04    0.12555E+03
    0.25638E-04    0.12800E+03
    0.26156E-04    0.13050E+03
    0.26685E-04    0.13305E+03
    0.27224E-04    0.13565E+03
    0.27774E-04    0.13830E+03
    0.28335E-04    0.14100E+03
    0.28907E-04    0.14376E+03
    0.29491E-04    0.14657E+03
    0.30087E-04    0.14943E+03
    0.30695E-04    0.15235E+03
    0.31315E-04    0.15533E+03
    0.31947E-04    0.15836E+03
    0.32593E-04    0.16146E+03
    0.33251E-04    0.16461E+03
    0.33923E-04    0.16783E+03
    0.34608E-04    0.17111E+03
    0.35307E-04    0.17445E+03
    0.36020E-04    0.17786E+03
    0.36748E-04    0.18133E+03
    0.37491E-04    0.18488E+03
    0.38248E-04    0.18849E+03
    0.39021E-04    0.19217E+03
    0.39809E-04    0.19593E+03
    0.40613E-04    0.19975E+03
    0.41433E-04    0.20366E+03
    0.42270E-04    0.20764E+03
    0.43124E-04    0.21169E+03
    0.43996E-04    0.21583E+03
    0.44884E-04    0.22005E+03
    0.45791E-04    0.22435E+03
    0.46716E-04    0.22873E+03
    0.47660E-04    0.23320E+03
    0.48623E-04    0.23775E+03
    0.49605E-04    0.24240E+03
    0.50607E-04    0.24713E+03
    0.51629E-04    0.25196E+03
    0.52672E-04    0.25689E+03
    0.53736E-04    0.26190E+03
    0.54822E-04    0.26702E+03
    0.55929E-04    0.27224E+03
    0.57059E-04    0.27756E+03
    0.58212E-04    0.28298E+03
    0.59388E-04    0.28851E+03
    0.60587E-04    0.29414E+03
    0.61811E-04    0.29989E+03
    0.63060E-04    0.30575E+03
    0.64334E-04    0.31172E+03
    0.65634E-04    0.31781E+03
    0.66959E-04    0.32402E+03
    0.68312E-04    0.33035E+03
    0.69692E-04    0.33680E+03
    0.71100E-04    0.34338E+03
    0.72536E-04    0.35009E+03
    0.74002E-04    0.35693E+03
    0.75497E-04    0.36390E+03
    0.77022E-04    0.37101E+03
    0.78578E-04    0.37826E+03
    0.80165E-04    0.38565E+03
    0.81784E-04    0.39318E+03
    0.83437E-04    0.40086E+03
    0.85122E-04    0.40869E+03
    0.86842E-04    0.41667E+03
    0.88596E-04    0.42481E+03
    0.90386E-04    0.43311E+03
    0.92212E-04    0.44157E+03
    0.94075E-04    0.45019E+03
    0.95975E-04    0.45899E+03
    0.97914E-04    0.46795E+03
    0.99892E-04    0.47709E+03
    0.10191E-03    0.48641E+03
    0.10397E-03    0.49591E+03
    0.10607E-03    0.50559E+03
    0.10821E-03    0.51546E+03
    0.11040E-03    0.52553E+03
    0.11263E-03    0.53579E+03
    0.11490E-03    0.54625E+03
    0.11722E-03    0.55692E+03
    0.11959E-03    0.56779E+03
    0.12201E-03    0.57888E+03
    0.12447E-03    0.59018E+03
    0.12699E-03    0.60170E+03
    0.12955E-03    0.61345E+03
    0.13217E-03    0.62543E+03
    0.13484E-03    0.63763E+03
    0.13756E-03    0.65008E+03
    0.14034E-03    0.66277E+03
    0.14318E-03    0.67571E+03
    0.14607E-03    0.68890E+03
    0.14902E-03    0.70234E+03
    0.15203E-03    0.71605E+03
    0.15510E-03    0.73002E+03
    0.15824E-03    0.74427E+03
    0.16143E-03    0.75879E+03
    0.16469E-03    0.77360E+03
    0.16802E-03    0.78869E+03
    0.17142E-03    0.80408E+03
    0.17488E-03    0.81976E+03
    0.17841E-03    0.83575E+03
    0.18201E-03    0.85206E+03
    0.18569E-03    0.86867E+03
    0.18944E-03    0.88562E+03
    0.19327E-03    0.90289E+03
    0.19717E-03    0.92049E+03
    0.20116E-03    0.93844E+03
    0.20522E-03    0.95674E+03
    0.20937E-03    0.97539E+03
    0.21360E-03    0.99440E+03
    0.21791E-03    0.10138E+04
    0.22231E-03    0.10335E+04
    0.22680E-03    0.10537E+04
    0.23139E-03    0.10742E+04
    0.23606E-03    0.10951E+04
    0.24083E-03    0.11165E+04
    0.24569E-03    0.11382E+04
    0.25066E-03    0.11604E+04
    0.25572E-03    0.11830E+04
    0.26089E-03    0.12060E+04
    0.26616E-03    0.12295E+04
    0.27153E-03    0.12534E+04
    0.27702E-03    0.12778E+04
    0.28262E-03    0.13027E+04
    0.28832E-03    0.13280E+04
    0.29415E-03    0.13539E+04
    0.30009E-03    0.13802E+04
    0.30615E-03    0.14070E+04
    0.31234E-03    0.14344E+04
    0.31865E-03    0.14623E+04
    0.32509E-03    0.14907E+04
    0.33165E-03    0.15197E+04
    0.33835E-03    0.15492E+04
    0.34519E-03    0.15793E+04
    0.35216E-03    0.16099E+04
    0.35927E-03    0.16412E+04
    0.36653E-03    0.16730E+04
    0.37394E-03    0.17055E+04
    0.38149E-03    0.17386E+04
    0.38920E-03    0.17723E+04
    0.39706E-03    0.18066E+04
    0.40508E-03    0.18417E+04
    0.41326E-03    0.18773E+04
    0.42161E-03    0.19137E+04
    0.43013E-03    0.19508E+04
    0.43882E-03    0.19885E+04
    0.44768E-03    0.20270E+04
    0.45673E-03    0.20662E+04
    0.46595E-03    0.21061E+04
    0.47537E-03    0.21469E+04
    0.48497E-03    0.21883E+04
    0.49477E-03    0.22306E+04
    0.50476E-03    0.22736E+04
    0.51496E-03    0.23175E+04
    0.52536E-03    0.23622E+04
    0.53598E-03    0.24077E+04
    0.54680E-03    0.24541E+04
    0.55785E-03    0.25014E+04
    0.56912E-03    0.25495E+04
    0.58061E-03    0.25986E+04
    0.59234E-03    0.26486E+04
    0.60431E-03    0.26995E+04
    0.61652E-03    0.27513E+04
    0.62897E-03    0.28041E+04
    0.64168E-03    0.28579E+04
    0.65464E-03    0.29127E+04
    0.66787E-03    0.29685E+04
    0.68136E-03    0.30253E+04
    0.69512E-03    0.30832E+04
    0.70916E-03    0.31421E+04
    0.72349E-03    0.32022E+04
    0.73811E-03    0.32633E+04
    0.75302E-03    0.33256E+04
    0.76823E-03    0.33890E+04
    0.78375E-03    0.34535E+04
    0.79958E-03    0.35192E+04
    0.81573E-03    0.35861E+04
    0.83221E-03    0.36543E+04
    0.84902E-03    0.37236E+04
    0.86618E-03    0.37942E+04
    0.88367E-03    0.38661E+04
    0.90153E-03    0.39393E+04
    0.91974E-03    0.40138E+04
    0.93832E-03    0.40896E+04
    0.95727E-03    0.41668E+04
    0.97661E-03    0.42453E+04
    0.99634E-03    0.43252E+04
    0.10165E-02    0.44066E+04
    0.10370E-02    0.44893E+04
    0.10579E-02    0.45736E+04
    0.10793E-02    0.46592E+04
    0.11011E-02    0.47464E+04
    0.11234E-02    0.48352E+04
    0.11461E-02    0.49254E+04
    0.11692E-02    0.50172E+04
    0.11928E-02    0.51106E+04
    0.12169E-02    0.52056E+04
    0.12415E-02    0.53022E+04
    0.12666E-02    0.54004E+04
    0.12922E-02    0.55003E+04
    0.13183E-02    0.56019E+04
    0.13449E-02    0.57052E+04
    0.13721E-02    0.58103E+04
    0.13998E-02    0.59170E+04
    0.14281E-02    0.60256E+04
    0.14569E-02    0.61359E+04
    0.14864E-02    0.62481E+04
    0.15164E-02    0.63620E+04
    0.15470E-02    0.64778E+04
    0.15783E-02    0.65955E+04
    0.16102E-02    0.67151E+04
    0.16427E-02    0.68366E+04
    0.16759E-02    0.69600E+04
    0.17097E-02    0.70853E+04
    0.17443E-02    0.72127E+04
    0.17795E-02    0.73420E+04
    0.18154E-02    0.74732E+04
    0.18521E-02    0.76065E+04
    0.18895E-02    0.77419E+04
    0.19277E-02    0.78793E+04
    0.19667E-02    0.80187E+04
    0.20064E-02    0.81602E+04
    0.20469E-02    0.83038E+04
    0.20883E-02    0.84495E+04
    0.21304E-02    0.85974E+04
    0.21735E-02    0.87473E+04
    0.22174E-02    0.88994E+04
    0.22622E-02    0.90536E+04
    0.23079E-02    0.92100E+04
    0.23545E-02    0.93686E+04
    0.24021E-02    0.95293E+04
    0.24506E-02    0.96922E+04
    0.25001E-02    0.98573E+04
    0.25506E-02    0.10025E+05
    0.26021E-02    0.10194E+05
    0.26547E-02    0.10366E+05
    0.27083E-02    0.10539E+05
    0.27630E-02    0.10716E+05
    0.28189E-02    0.10894E+05
    0.28758E-02    0.11074E+05
    0.29339E-02    0.11257E+05
    0.29932E-02    0.11441E+05
    0.30536E-02    0.11628E+05
    0.31153E-02    0.11817E+05
    0.31783E-02    0.12008E+05
    0.32425E-02    0.12202E+05
    0.33080E-02    0.12397E+05
    0.33748E-02    0.12595E+05
    0.34430E-02    0.12794E+05
    0.35125E-02    0.12996E+05
    0.35835E-02    0.13199E+05
    0.36559E-02    0.13405E+05
    0.37297E-02    0.13612E+05
    0.38051E-02    0.13822E+05
    0.38819E-02    0.14033E+05
    0.39604E-02    0.14246E+05
    0.40404E-02    0.14461E+05
    0.41220E-02    0.14678E+05
    0.42052E-02    0.14896E+05
    0.42902E-02    0.15116E+05
    0.43769E-02    0.15338E+05
    0.44653E-02    0.15561E+05
    0.45555E-02    0.15786E+05
    0.46475E-02    0.16012E+05
    0.47414E-02    0.16240E+05
    0.48372E-02    0.16469E+05
    0.49349E-02    0.16699E+05
    0.50346E-02    0.16930E+05
    0.51363E-02    0.17162E+05
    0.52401E-02    0.17395E+05
    0.53459E-02    0.17630E+05
    0.54539E-02    0.17865E+05
    0.55641E-02    0.18100E+05
    0.56765E-02    0.18337E+05
    0.57912E-02    0.18573E+05
    0.59081E-02    0.18810E+05
    0.60275E-02    0.19048E+05
    0.61493E-02    0.19285E+05
    0.62735E-02    0.19523E+05
    0.64002E-02    0.19761E+05
    0.65295E-02    0.19998E+05
    0.66614E-02    0.20235E+05
    0.67960E-02    0.20471E+05
    0.69333E-02    0.20707E+05
    0.70733E-02    0.20942E+05
    0.72162E-02    0.21176E+05
    0.73620E-02    0.21409E+05
    0.75107E-02    0.21640E+05
    0.76625E-02    0.21870E+05
    0.78172E-02    0.22099E+05
    0.79752E-02    0.22325E+05
    0.81363E-02    0.22550E+05
    0.83006E-02    0.22772E+05
    0.84683E-02    0.22992E+05
    0.86394E-02    0.23209E+05
    0.88139E-02    0.23424E+05
    0.89920E-02    0.23635E+05
    0.91736E-02    0.23843E+05
    0.93589E-02    0.24048E+05
    0.95480E-02    0.24248E+05
    0.97409E-02    0.24445E+05
    0.99377E-02    0.24638E+05
    0.10138E-01    0.24826E+05
    0.10343E-01    0.25009E+05
    0.10552E-01    0.25187E+05
    0.10765E-01    0.25360E+05
    0.10983E-01    0.25527E+05
    0.11205E-01    0.25689E+05
    0.11431E-01    0.25844E+05
    0.11662E-01    0.25993E+05
    0.11898E-01    0.26135E+05
    0.12138E-01    0.26270E+05
    0.12383E-01    0.26398E+05
    0.12633E-01    0.26519E+05
    0.12888E-01    0.26631E+05
    0.13149E-01    0.26736E+05
    0.13414E-01    0.26831E+05
    0.13685E-01    0.26918E+05
    0.13962E-01    0.26996E+05
    0.14244E-01    0.27065E+05
    0.14532E-01    0.27124E+05
    0.14825E-01    0.27173E+05
    0.15125E-01    0.27212E+05
    0.15430E-01    0.27240E+05
    0.15742E-01    0.27257E+05
    0.16060E-01    0.27264E+05
    0.16384E-01    0.27259E+05
    0.16715E-01    0.27242E+05
    0.17053E-01    0.27214E+05
    0.17398E-01    0.27174E+05
    0.17749E-01    0.27121E+05
    0.18108E-01    0.27056E+05
    0.18473E-01    0.26978E+05
    0.18847E-01    0.26888E+05
    0.19227E-01    0.26785E+05
    0.19616E-01    0.26669E+05
    0.20012E-01    0.26540E+05
    0.20416E-01    0.26398E+05
    0.20829E-01    0.26242E+05
    0.21249E-01    0.26074E+05
    0.21679E-01    0.25893E+05
    0.22117E-01    0.25699E+05
    0.22563E-01    0.25492E+05
    0.23019E-01    0.25273E+05
    0.23484E-01    0.25041E+05
    0.23959E-01    0.24797E+05
    0.24443E-01    0.24541E+05
    0.24937E-01    0.24274E+05
    0.25440E-01    0.23996E+05
    0.25954E-01    0.23708E+05
    0.26478E-01    0.23409E+05
    0.27013E-01    0.23101E+05
    0.27559E-01    0.22784E+05
    0.28116E-01    0.22459E+05
    0.28684E-01    0.22126E+05
    0.29263E-01    0.21786E+05
    0.29854E-01    0.21441E+05
    0.30458E-01    0.21090E+05
    0.31073E-01    0.20735E+05
    0.31700E-01    0.20377E+05
    0.32341E-01    0.20016E+05
    0.32994E-01    0.19654E+05
    0.33661E-01    0.19292E+05
    0.34341E-01    0.18930E+05
    0.35034E-01    0.18570E+05
    0.35742E-01    0.18212E+05
    0.36464E-01    0.17857E+05
    0.37201E-01    0.17502E+05
    0.37952E-01    0.17152E+05
    0.38719E-01    0.16809E+05
    0.39501E-01    0.16474E+05
    0.40299E-01    0.16147E+05
    0.41113E-01    0.15829E+05
    0.41944E-01    0.15521E+05
    0.42791E-01    0.15224E+05
    0.43656E-01    0.14939E+05
    0.44538E-01    0.14665E+05
    0.45437E-01    0.14403E+05
    0.46355E-01    0.14152E+05
    0.47292E-01    0.13912E+05
    0.48247E-01    0.13684E+05
    0.49222E-01    0.13465E+05
    0.50216E-01    0.13257E+05
    0.51230E-01    0.13057E+05
    0.52265E-01    0.12865E+05
    0.53321E-01    0.12681E+05
    0.54398E-01    0.12503E+05
    0.55497E-01    0.12334E+05
    0.56618E-01    0.12168E+05
    0.57762E-01    0.12006E+05
    0.58929E-01    0.11867E+05
    0.60119E-01    0.11709E+05
    0.61334E-01    0.11549E+05
    0.62573E-01    0.11386E+05
    0.63837E-01    0.11218E+05
    0.65127E-01    0.11044E+05
    0.66442E-01    0.10861E+05
    0.67784E-01    0.10669E+05
    0.69154E-01    0.10466E+05
    0.70551E-01    0.10251E+05
    0.71976E-01    0.10025E+05
    0.73430E-01    0.97858E+04
    0.74913E-01    0.95354E+04
    0.76427E-01    0.92743E+04
    0.77971E-01    0.90036E+04
    0.79546E-01    0.87252E+04
    0.81153E-01    0.84412E+04
    0.82792E-01    0.81539E+04
    0.84465E-01    0.78658E+04
    0.86171E-01    0.75796E+04
    0.87912E-01    0.72981E+04
    0.89688E-01    0.70240E+04
    0.91499E-01    0.67600E+04
    0.93348E-01    0.65087E+04
    0.95234E-01    0.62722E+04
    0.97157E-01    0.60525E+04
    0.99120E-01    0.58509E+04
    0.10112E+00    0.56682E+04
    0.10317E+00    0.55042E+04
    0.10525E+00    0.53585E+04
    0.10738E+00    0.52296E+04
    0.10954E+00    0.51156E+04
    0.11176E+00    0.50141E+04
    0.11402E+00    0.49225E+04
    0.11632E+00    0.48374E+04
    0.11867E+00    0.47554E+04
    0.12107E+00    0.46725E+04
    0.12351E+00    0.45849E+04
    0.12601E+00    0.44888E+04
    0.12855E+00    0.43812E+04
    0.13115E+00    0.42606E+04
    0.13380E+00    0.41270E+04
    0.13650E+00    0.39819E+04
    0.13926E+00    0.38283E+04
    0.14207E+00    0.36697E+04
    0.14494E+00    0.35098E+04
    0.14787E+00    0.33522E+04
    0.15086E+00    0.32004E+04
    0.15390E+00    0.30578E+04
    0.15701E+00    0.29276E+04
    0.16019E+00    0.28121E+04
    0.16342E+00    0.27128E+04
    0.16672E+00    0.26291E+04
    0.17009E+00    0.25588E+04
    0.17353E+00    0.24982E+04
    0.17703E+00    0.24434E+04
    0.18061E+00    0.23906E+04
    0.18426E+00    0.23361E+04
    0.18798E+00    0.22767E+04
    0.19178E+00    0.22102E+04
    0.19565E+00    0.21353E+04
    0.19960E+00    0.20527E+04
    0.20364E+00    0.19649E+04
    0.20775E+00    0.18754E+04
    0.21195E+00    0.17879E+04
    0.21623E+00    0.17057E+04
    0.22060E+00    0.16316E+04
    0.22505E+00    0.15672E+04
    0.22960E+00    0.15126E+04
    0.23424E+00    0.14663E+04
    0.23897E+00    0.14253E+04
    0.24380E+00    0.13864E+04
    0.24872E+00    0.13465E+04
    0.25375E+00    0.13035E+04
    0.25887E+00    0.12565E+04
    0.26410E+00    0.12059E+04
    0.26944E+00    0.11531E+04
    0.27488E+00    0.11010E+04
    0.28043E+00    0.10520E+04
    0.28610E+00    0.10079E+04
    0.29188E+00    0.96904E+03
    0.29777E+00    0.93484E+03
    0.30379E+00    0.90391E+03
    0.30993E+00    0.87424E+03
    0.31619E+00    0.84392E+03
    0.32257E+00    0.81202E+03
    0.32909E+00    0.77880E+03
    0.33574E+00    0.74524E+03
    0.34252E+00    0.71279E+03
    0.34944E+00    0.68276E+03
    0.35650E+00    0.65556E+03
    0.36370E+00    0.63079E+03
    0.37105E+00    0.60763E+03
    0.37854E+00    0.58497E+03
    0.38619E+00    0.56205E+03
    0.39399E+00    0.53893E+03
    0.40195E+00    0.51608E+03
    0.41007E+00    0.49413E+03
    0.41836E+00    0.47367E+03
    0.42681E+00    0.45470E+03
    0.43543E+00    0.43679E+03
    0.44423E+00    0.41945E+03
    0.45320E+00    0.40234E+03
    0.46235E+00    0.38548E+03
    0.47169E+00    0.36916E+03
    0.48122E+00    0.35363E+03
    0.49095E+00    0.33901E+03
    0.50086E+00    0.32509E+03
    0.51098E+00    0.31169E+03
    0.52130E+00    0.29863E+03
    0.53183E+00    0.28596E+03
    0.54258E+00    0.27381E+03
    0.55354E+00    0.26223E+03
    0.56472E+00    0.25120E+03
    0.57613E+00    0.24059E+03
    0.58777E+00    0.23036E+03
    0.59964E+00    0.22049E+03
    0.61176E+00    0.21103E+03
    0.62411E+00    0.20199E+03
    0.63672E+00    0.19333E+03
    0.64958E+00    0.18502E+03
    0.66271E+00    0.17701E+03
    0.67609E+00    0.16935E+03
    0.68975E+00    0.16200E+03
    0.70369E+00    0.15497E+03
    0.71790E+00    0.14822E+03
    0.73240E+00    0.14175E+03
    0.74720E+00    0.13555E+03
    0.76229E+00    0.12961E+03
    0.77769E+00    0.12391E+03
    0.79340E+00    0.11845E+03
    0.80943E+00    0.11323E+03
    0.82578E+00    0.10822E+03
    0.84247E+00    0.10343E+03
    0.85948E+00    0.98837E+02
    0.87685E+00    0.94441E+02
    0.89456E+00    0.90232E+02
    0.91263E+00    0.86203E+02
    0.93107E+00    0.82348E+02
    0.94988E+00    0.78658E+02
    0.96907E+00    0.75127E+02
    0.98864E+00    0.71748E+02
    0.10086E+01    0.68515E+02
    0.10290E+01    0.65422E+02
    0.10498E+01    0.62463E+02
    0.10710E+01    0.59633E+02
    0.10926E+01    0.56926E+02
    0.11147E+01    0.54338E+02
    0.11372E+01    0.51864E+02
    0.11602E+01    0.49498E+02
    0.11836E+01    0.47237E+02
    0.12075E+01    0.45075E+02
    0.12319E+01    0.43009E+02
    0.12568E+01    0.41035E+02
    0.12822E+01    0.39148E+02
    0.13081E+01    0.37345E+02
    0.13345E+01    0.35622E+02
    0.13615E+01    0.33976E+02
    0.13890E+01    0.32404E+02
    0.14171E+01    0.30902E+02
    0.14457E+01    0.29468E+02
    0.14749E+01    0.28099E+02
    0.15047E+01    0.26791E+02
    0.15351E+01    0.25542E+02
    0.15661E+01    0.24350E+02
    0.15977E+01    0.23211E+02
    0.16300E+01    0.22125E+02
    0.16629E+01    0.21088E+02
    0.16965E+01    0.20098E+02
    0.17308E+01    0.19153E+02
    0.17658E+01    0.18252E+02
    0.18014E+01    0.17392E+02
    0.18378E+01    0.16571E+02
    0.18749E+01    0.15788E+02
    0.19128E+01    0.15041E+02
    0.19515E+01    0.14328E+02
    0.19909E+01    0.13649E+02
    0.20311E+01    0.13001E+02
    0.20721E+01    0.12382E+02
    0.21140E+01    0.11793E+02
    0.21567E+01    0.11231E+02
    0.22003E+01    0.10695E+02
    0.22447E+01    0.10184E+02
    0.22901E+01    0.96965E+01
    0.23363E+01    0.92320E+01
    0.23835E+01    0.87894E+01
    0.24317E+01    0.83674E+01
    0.24808E+01    0.79653E+01
    0.25309E+01    0.75821E+01
    0.25820E+01    0.72169E+01
    0.26342E+01    0.68689E+01
    0.26874E+01    0.65374E+01
    0.27417E+01    0.62214E+01
    0.27971E+01    0.59205E+01
    0.28536E+01    0.56337E+01
    0.29112E+01    0.53606E+01
    0.29700E+01    0.51005E+01
    0.30300E+01    0.48527E+01
    0.30913E+01    0.46168E+01
    0.31537E+01    0.43920E+01
    0.32174E+01    0.41780E+01
    0.32824E+01    0.39742E+01
    0.33487E+01    0.37802E+01
    0.34164E+01    0.35955E+01
    0.34854E+01    0.34196E+01
    0.35558E+01    0.32522E+01
    0.36276E+01    0.30928E+01
    0.37009E+01    0.29411E+01
    0.37757E+01    0.27967E+01
    0.38519E+01    0.26592E+01
    0.39298E+01    0.25284E+01
    0.40091E+01    0.24039E+01
    0.40901E+01    0.22854E+01
    0.41728E+01    0.21727E+01
    0.42571E+01    0.20655E+01
    0.43431E+01    0.19634E+01
    0.44308E+01    0.18663E+01
    0.45203E+01    0.17739E+01
    0.46116E+01    0.16861E+01
    0.47048E+01    0.16025E+01
    0.47998E+01    0.15229E+01
    0.48968E+01    0.14473E+01
    0.49957E+01    0.13754E+01
    0.50966E+01    0.13070E+01
    0.51996E+01    0.12419E+01
    0.53046E+01    0.11800E+01
    0.54118E+01    0.11212E+01
    0.55211E+01    0.10652E+01
    0.56326E+01    0.10120E+01
    0.57464E+01    0.96144E+00
    0.58625E+01    0.91335E+00
    0.59809E+01    0.86763E+00
    0.61018E+01    0.82417E+00
    0.62250E+01    0.78285E+00
    0.63508E+01    0.74358E+00
    0.64791E+01    0.70624E+00
    0.66100E+01    0.67076E+00
    0.67435E+01    0.63704E+00
    0.68797E+01    0.60498E+00
    0.70187E+01    0.57452E+00
    0.71605E+01    0.54557E+00
    0.73051E+01    0.51806E+00
    0.74527E+01    0.49192E+00
    0.76033E+01    0.46708E+00
    0.77569E+01    0.44348E+00
    0.79136E+01    0.42106E+00
    0.80734E+01    0.39976E+00
    0.82365E+01    0.37952E+00
    0.84029E+01    0.36029E+00
    0.85727E+01    0.34202E+00
    0.87458E+01    0.32467E+00
    0.89225E+01    0.30819E+00
    0.91028E+01    0.29254E+00
    0.92866E+01    0.27767E+00
    0.94742E+01    0.26355E+00
    0.96656E+01    0.25013E+00
    0.98609E+01    0.23740E+00
    0.10060E+02    0.22530E+00
    0.10263E+02    0.21381E+00
    0.10471E+02    0.20290E+00
    0.10682E+02    0.19255E+00
    0.10898E+02    0.18271E+00
    0.11118E+02    0.17337E+00
    0.11343E+02    0.16451E+00
    0.11572E+02    0.15609E+00
    0.11806E+02    0.14810E+00
    0.12044E+02    0.14051E+00
    0.12287E+02    0.13331E+00
    0.12536E+02    0.12647E+00
    0.12789E+02    0.11998E+00
    0.13047E+02    0.11382E+00
    0.13311E+02    0.10797E+00
    0.13580E+02    0.10242E+00
    0.13854E+02    0.97154E-01
    0.14134E+02    0.92154E-01
    0.14419E+02    0.87410E-01
    0.14711E+02    0.82906E-01
    0.15008E+02    0.78633E-01
    0.15311E+02    0.74578E-01
    0.15620E+02    0.70730E-01
    0.15936E+02    0.67078E-01
    0.16258E+02    0.63613E-01
    0.16586E+02    0.60326E-01
    0.16921E+02    0.57207E-01
    0.17263E+02    0.54247E-01
    0.17612E+02    0.51439E-01
    0.17968E+02    0.48775E-01
    0.18331E+02    0.46248E-01
    0.18701E+02    0.43851E-01
    0.19079E+02    0.41576E-01
    0.19464E+02    0.39419E-01
    0.19857E+02    0.37372E-01
    0.20259E+02    0.35431E-01
    0.20668E+02    0.33590E-01
    0.21085E+02    0.31843E-01
    0.21511E+02    0.30187E-01
    0.21946E+02    0.28616E-01
    0.22389E+02    0.27126E-01
    0.22841E+02    0.25713E-01
    0.23303E+02    0.24373E-01
    0.23774E+02    0.23102E-01
    0.24254E+02    0.21897E-01
    0.24744E+02    0.20754E-01
    0.25244E+02    0.19670E-01
    0.25754E+02    0.18643E-01
    0.26274E+02    0.17668E-01
    0.26805E+02    0.16745E-01
    0.27346E+02    0.15869E-01
    0.27899E+02    0.15038E-01
    0.28462E+02    0.14251E-01
    0.29037E+02    0.13504E-01
    0.29624E+02    0.12796E-01
    0.30222E+02    0.12126E-01
    0.30833E+02    0.11489E-01
    0.31456E+02    0.10887E-01
    0.32091E+02    0.10315E-01
    0.32739E+02    0.97732E-02
    0.33401E+02    0.92596E-02
    0.34075E+02    0.87728E-02
    0.34764E+02    0.83114E-02
    0.35466E+02    0.78740E-02
    0.36183E+02    0.74595E-02
    0.36914E+02    0.70667E-02
    0.37659E+02    0.66943E-02
    0.38420E+02    0.63414E-02
    0.39196E+02    0.60070E-02
    0.39988E+02    0.56901E-02
    0.40796E+02    0.53898E-02
    0.41620E+02    0.51051E-02
    0.42461E+02    0.48354E-02
    0.43318E+02    0.45799E-02
    0.44193E+02    0.43377E-02
    0.45086E+02    0.41082E-02
    0.45997E+02    0.38908E-02
    0.46926E+02    0.36848E-02
    0.47874E+02    0.34896E-02
    0.48841E+02    0.33046E-02
    0.49828E+02    0.31294E-02
    0.50835E+02    0.29634E-02
    0.51862E+02    0.28062E-02
    0.52909E+02    0.26572E-02
    0.53978E+02    0.25160E-02
    0.55068E+02    0.23823E-02
    0.56181E+02    0.22556E-02
    0.57316E+02    0.21357E-02
    0.58474E+02    0.20220E-02
    0.59655E+02    0.19143E-02
    0.60860E+02    0.18124E-02
    0.62090E+02    0.17158E-02
    0.63344E+02    0.16243E-02
    0.64623E+02    0.15376E-02
    0.65929E+02    0.14556E-02
    0.67261E+02    0.13778E-02
    0.68620E+02    0.13042E-02
    0.70006E+02    0.12345E-02
    0.71420E+02    0.11685E-02
    0.72863E+02    0.11059E-02
    0.74335E+02    0.10467E-02
    0.75836E+02    0.99064E-03
    0.77368E+02    0.93754E-03
    0.78931E+02    0.88726E-03
    0.80526E+02    0.83965E-03
    0.82152E+02    0.79456E-03
    0.83812E+02    0.75188E-03
    0.85505E+02    0.71146E-03
    0.87233E+02    0.67319E-03
    0.88995E+02    0.63696E-03
    0.90793E+02    0.60265E-03
    0.92627E+02    0.57018E-03
    0.94498E+02    0.53943E-03
    0.96407E+02    0.51033E-03
    0.98354E+02    0.48277E-03
    0.10034E+03    0.45668E-03
    0.10237E+03    0.43199E-03
    0.10444E+03    0.40862E-03
    0.10655E+03    0.38649E-03
    0.10870E+03    0.36555E-03
    0.11089E+03    0.34572E-03
    0.11313E+03    0.32696E-03
    0.11542E+03    0.30920E-03
    0.11775E+03    0.29240E-03
    0.12013E+03    0.27649E-03
    0.12256E+03    0.26144E-03
    0.12503E+03    0.24719E-03
    0.12756E+03    0.23371E-03
    0.13014E+03    0.22095E-03
    0.13276E+03    0.20887E-03
    0.13545E+03    0.19745E-03
    0.13818E+03    0.18664E-03
    0.14097E+03    0.17641E-03
    0.14382E+03    0.16673E-03
    0.14673E+03    0.15758E-03
    0.14969E+03    0.14892E-03
    0.15272E+03    0.14072E-03
    0.15580E+03    0.13297E-03
    0.15895E+03    0.12563E-03
    0.16216E+03    0.11869E-03
    0.16543E+03    0.11213E-03
    0.16878E+03    0.10592E-03
    0.17219E+03    0.10005E-03
    0.17566E+03    0.94499E-04
    0.17921E+03    0.89247E-04
    0.18283E+03    0.84280E-04
    0.18653E+03    0.79583E-04
    0.19030E+03    0.75141E-04
    0.19414E+03    0.70941E-04
    0.19806E+03    0.66970E-04
    0.20206E+03    0.63215E-04
