# #kvec,       P0,       P2
3.798113219970482464e-03 2.963068388330414746e+04 1.474518761009208174e+04
8.299341198366977368e-03 4.554274699650457478e+04 2.271268641810949339e+04
1.293222785829474530e-02 5.424704604315417237e+04 2.695291514795360854e+04
1.764839540059406214e-02 5.574121583294320590e+04 2.751057770337186230e+04
2.256548624743046766e-02 5.275853275936334103e+04 2.581336599233748711e+04
2.777643631869635560e-02 4.757772030458039808e+04 2.304659857171090698e+04
3.269804945164275084e-02 4.187458995555766160e+04 2.006699010284899123e+04
3.761648412163147437e-02 3.667432044539766503e+04 1.738135898145471583e+04
4.263843590653306620e-02 3.246702184434829178e+04 1.521394439412572137e+04
4.756514397867403487e-02 2.930174921393768454e+04 1.356806402684073510e+04
5.262095846540340571e-02 2.700946764321951196e+04 1.234479494779705601e+04
5.756031579008965421e-02 2.530112790002428665e+04 1.139839004037983977e+04
6.254738086573084777e-02 2.387701921947074879e+04 1.059066944361024798e+04
6.757793245805240878e-02 2.249439659572273376e+04 9.820616988464596943e+03
7.255917271873940644e-02 2.101147327550709451e+04 9.038234690831373882e+03
7.753384095836814149e-02 1.939959723020593810e+04 8.241899123222297931e+03
8.251793095580771398e-02 1.772055267860335880e+04 7.461714255803843116e+03
8.752751585855111927e-02 1.608345459134957855e+04 6.737879685983754825e+03
9.254701595891280663e-02 1.459746688854528475e+04 6.102083665795108573e+03
9.754962816585227570e-02 1.333681167948852453e+04 5.567432369092488443e+03
1.025319577549815842e-01 1.232879488561691869e+04 5.128584007117668079e+03
1.075115963337573005e-01 1.155614343110288064e+04 4.767404497752543648e+03
1.125102824869452928e-01 1.096907623673172748e+04 4.460854503654688415e+03
1.175500815351475242e-01 1.050300606441498167e+04 4.188165964717273710e+03
1.225369407693439466e-01 1.009368558213104188e+04 3.934865646329825722e+03
1.275260915928623784e-01 9.688392965269249544e+03 3.693904371605796314e+03
1.325302049517290137e-01 9.255186217600272357e+03 3.464864466855373394e+03
1.375062658167523766e-01 8.786687407332354269e+03 3.251129477846671762e+03
1.425134383761388901e-01 8.295087036495939174e+03 3.056551779491747311e+03
1.475259185391497030e-01 7.804389102927532804e+03 2.882943304538600387e+03
1.525299392618520433e-01 7.340787637896005435e+03 2.728397263486242991e+03
1.574945641255308670e-01 6.924158621742765717e+03 2.587974847226746533e+03
1.625189271701959481e-01 6.564418993148158734e+03 2.455122740252915719e+03
1.675460952755878086e-01 6.260699176645000989e+03 2.324245846432527287e+03
1.725291960336882702e-01 6.005220305772685606e+03 2.192016899609302982e+03
1.775301907015699177e-01 5.785347207911885562e+03 2.058905940806130729e+03
1.825147596880773992e-01 5.587827416543222171e+03 1.927603526172300008e+03
1.875360659894858006e-01 5.400312904865550081e+03 1.802260175595267128e+03
1.925323612841613463e-01 5.214207710090769069e+03 1.686949049800547755e+03
1.975198597713469506e-01 5.025203321087834411e+03 1.584841305523667643e+03
2.025153626490958647e-01 4.832998888536007144e+03 1.496128468680016340e+03
2.075088432181976528e-01 4.641124814356588104e+03 1.417400971998453997e+03
2.125177993514315022e-01 4.453686992332870432e+03 1.344743204151213376e+03
2.175004105537196308e-01 4.275188348148029945e+03 1.274445380562707669e+03
2.225093097263723396e-01 4.108965484216309051e+03 1.203487719603040887e+03
2.275289518807653566e-01 3.955936478140639338e+03 1.130416512256470924e+03
2.325285335280651011e-01 3.816103080491026049e+03 1.054513432253284691e+03
2.375276482184167648e-01 3.687570244323011593e+03 9.761792639182798439e+02
2.424990955345757149e-01 3.567596245050985090e+03 8.964034391832701658e+02
2.474998477592641188e-01 3.453705852797944772e+03 8.164620783793793635e+02
2.525200231637342307e-01 3.343724757973335727e+03 7.379171544388486836e+02
2.575182183021308968e-01 3.235834629437649710e+03 6.621977834408286299e+02
2.625255611121785071e-01 3.129592743545878420e+03 5.898957940262532702e+02
2.675305453620264728e-01 3.025245680131200061e+03 5.211630855782068465e+02
2.725404518957729172e-01 2.923169197440132848e+03 4.558201416081761863e+02
2.775333128253933412e-01 2.824071653011142644e+03 3.928311417859688390e+02
2.825123834702271131e-01 2.728719675770121739e+03 3.309720995675743325e+02
2.875104583320110541e-01 2.637492088710589542e+03 2.692179902099657056e+02
2.924971256070411085e-01 2.550089096063417855e+03 2.068567670535459229e+02
2.975058753683166302e-01 2.466100979105580336e+03 1.432670384792417906e+02
3.025121290118005790e-01 2.385102994572935131e+03 7.823761351664896324e+01
3.075010305668673949e-01 2.306622012937000363e+03 1.236182329800840840e+01
3.125134098098725222e-01 2.230211160359789119e+03 -5.358493697173736336e+01
3.175159610161296664e-01 2.155500174113920366e+03 -1.189940602862031227e+02
3.225221298316593987e-01 2.082234522706899952e+03 -1.838063193941771090e+02
3.275181648077025165e-01 2.010186033310581934e+03 -2.481461089225434478e+02
3.325123749530838890e-01 1.939152612775507805e+03 -3.121476145164365334e+02
3.374959275080861021e-01 1.869147952416374210e+03 -3.759753150522376473e+02
3.424919127583013756e-01 1.800336982584451789e+03 -4.397911335278951697e+02
3.475179694433840893e-01 1.732884854261481451e+03 -5.037183106786927738e+02
3.525059921296319621e-01 1.666892773945648514e+03 -5.678235218976360557e+02
3.575140093809558994e-01 1.602331503488807812e+03 -6.321101092699575474e+02
3.625250121899730726e-01 1.539146684497697606e+03 -6.965579180952299794e+02
3.675230343842288971e-01 1.477287374600856765e+03 -7.611346337208177601e+02
3.725176954699483400e-01 1.416654617763820170e+03 -8.258239665334090205e+02
3.775162922269590382e-01 1.357087330593941942e+03 -8.906406504136699596e+02
3.825226775013818026e-01 1.298422287117944052e+03 -9.556041441509532888e+02
3.875129949299156440e-01 1.240507257441840466e+03 -1.020737117770295868e+03
3.924957752247316689e-01 1.183243747167536867e+03 -1.086084578591712216e+03
3.975064587042261843e-01 1.126585855934113624e+03 -1.151708141249107484e+03
4.025281591738766318e-01 1.070494701909387459e+03 -1.217661058790246443e+03
4.075225831108515440e-01 1.014933874716261244e+03 -1.283985125785851551e+03
4.125228099574981266e-01 9.598717807770924537e+02 -1.350708659940741200e+03
4.175153165358944651e-01 9.052832839386873047e+02 -1.417847782237733099e+03
4.225112269532309561e-01 8.511472346795485464e+02 -1.485409956749935191e+03
4.275193341825957449e-01 7.974457978184118474e+02 -1.553393707244012148e+03
4.325204712563468501e-01 7.441644551276604034e+02 -1.621784406790332241e+03
4.375072259220963988e-01 6.912921897057253773e+02 -1.690547751427149251e+03
4.424932815306526490e-01 6.388209804095008622e+02 -1.759638871325544642e+03
4.475081036444470417e-01 5.867458745806541174e+02 -1.829006074784185330e+03
4.525091505980503581e-01 5.350639636080798027e+02 -1.898594572992969688e+03
4.575059382916647488e-01 4.837566185863747137e+02 -1.968398273855095567e+03
4.625073094670774654e-01 4.327841482489512828e+02 -2.038472225968315797e+03
4.675075876475686121e-01 3.821048377821542772e+02 -2.108874943713817629e+03
4.725094673409236390e-01 3.316775444143602272e+02 -2.179660963634529708e+03
4.775010455491682237e-01 2.814618308698047713e+02 -2.250880747222278842e+03
4.825040702186400021e-01 2.314180930350295284e+02 -2.322580585029371832e+03
4.875082594715782203e-01 1.815076821861430290e+02 -2.394802500829924611e+03
4.925128965755101174e-01 1.316930221056011305e+02 -2.467584154749196387e+03
4.975154922627240128e-01 8.193772139909795271e+01 -2.540958744455357191e+03
