3.798113219970482030e-03 4.279232330873088358e+04 2.248641105989638527e+04
8.299341198366977368e-03 5.201312141897158290e+04 2.652583224114555196e+04
1.293222785829474357e-02 5.632762213399179745e+04 2.825402221824790104e+04
1.764839540059405867e-02 5.647479337597425183e+04 2.802469968190688815e+04
2.256548624743046419e-02 5.333844940459395002e+04 2.624977508196921190e+04
2.777643631869635560e-02 4.782213598728871875e+04 2.335373639999257284e+04
3.269804945164275084e-02 4.195142380241266073e+04 2.032631055846110394e+04
3.761648412163147437e-02 3.666954990193776757e+04 1.760748877826512035e+04
4.263843590653305926e-02 3.239213369982617223e+04 1.541955228221590369e+04
4.756514397867402794e-02 2.919806606246496085e+04 1.376278739835928172e+04
5.262095846540339877e-02 2.690317746728761631e+04 1.252335873362932762e+04
5.756031579008964727e-02 2.521852667711127651e+04 1.154273736580414698e+04
6.254738086573084777e-02 2.382370016302409931e+04 1.069006753270735499e+04
6.757793245805239490e-02 2.247058258592180937e+04 9.900718810279209720e+03
7.255917271873940644e-02 2.101153617724054493e+04 9.100350493510104570e+03
7.753384095836814149e-02 1.941854245824727332e+04 8.305387400848027028e+03
8.251793095580772786e-02 1.774662971355572881e+04 7.542457445587298935e+03
8.752751585855111927e-02 1.610433530233086640e+04 6.842413769459615651e+03
9.254701595891280663e-02 1.460929670306575281e+04 6.233662781628883749e+03
9.754962816585228957e-02 1.334329456018155724e+04 5.719794054306470571e+03
1.025319577549815842e-01 1.233421144702319907e+04 5.291159705192597357e+03
1.075115963337573005e-01 1.155837403204520524e+04 4.915953921928989985e+03
1.125102824869452789e-01 1.096913444738355429e+04 4.587797917436463649e+03
1.175500815351475242e-01 1.050118790706152686e+04 4.278736226106983850e+03
1.225369407693439466e-01 1.009420471737308253e+04 3.991047932178223164e+03
1.275260915928623784e-01 9.694851138020778308e+03 3.726055074656656871e+03
1.325302049517290137e-01 9.266882008020158537e+03 3.476968561847818819e+03
1.375062658167523488e-01 8.804212782786320531e+03 3.256277539779732251e+03
1.425134383761388623e-01 8.318594446188648362e+03 3.069029756367200207e+03
1.475259185391497030e-01 7.831116666573504517e+03 2.906740229220308720e+03
1.525299392618520156e-01 7.368218620494664719e+03 2.762956125819993304e+03
1.574945641255308393e-01 6.949433161321318039e+03 2.630012130124338000e+03
1.625189271701959204e-01 6.582985549821547465e+03 2.497626807410361835e+03
1.675460952755878086e-01 6.271320350307258195e+03 2.361469755064092169e+03
1.725291960336882979e-01 6.009185005361927324e+03 2.222285761151627412e+03
1.775301907015699177e-01 5.783700838867051971e+03 2.080758093703648683e+03
1.825147596880773715e-01 5.581052441350177105e+03 1.939535566131882888e+03
1.875360659894858006e-01 5.389932167186786501e+03 1.804840453392854442e+03
1.925323612841612908e-01 5.202279370135761383e+03 1.683071737569624929e+03
1.975198597713468951e-01 5.013473633877314569e+03 1.576758258363936193e+03
2.025153626490958370e-01 4.822787355074687184e+03 1.485280859785120811e+03
2.075088432181976250e-01 4.632883102275514830e+03 1.406801816173228417e+03
2.125177993514315300e-01 4.448143253294092574e+03 1.337709607130408131e+03
2.175004105537196586e-01 4.272402657450135848e+03 1.272165742649988715e+03
2.225093097263723396e-01 4.107641002104215659e+03 1.204282438372507613e+03
2.275289518807653011e-01 3.955368227464449319e+03 1.131718742153944731e+03
2.325285335280651011e-01 3.816341400637635616e+03 1.056255207750205727e+03
2.375276482184167925e-01 3.689995992605372521e+03 9.807620263155421299e+02
2.424990955345756871e-01 3.574116857959584195e+03 9.064481238200565940e+02
2.474998477592640633e-01 3.465447040025433125e+03 8.327133688713716992e+02
2.525200231637341752e-01 3.362815756082631196e+03 7.600105807909403666e+02
2.575182183021308968e-01 3.265567665247834157e+03 6.892297424475364096e+02
2.625255611121785071e-01 3.171579796785528742e+03 6.202155342378791829e+02
2.675305453620264728e-01 3.079577994015215154e+03 5.534218312730627076e+02
2.725404518957728617e-01 2.987929764692746176e+03 4.890451704533952579e+02
2.775333128253932857e-01 2.895543571469050221e+03 4.276492285519052530e+02
2.825123834702271686e-01 2.800888362572866754e+03 3.694566315349657089e+02
2.875104583320110541e-01 2.701850945306228823e+03 3.143780894223018549e+02
2.924971256070411640e-01 2.597541862339247018e+03 2.630450086422351887e+02
2.975058753683166302e-01 2.485748888101079501e+03 2.154151047769119032e+02
3.025121290118005790e-01 2.365482374801867991e+03 1.720365844565385487e+02
3.075010305668673394e-01 2.235660776781718596e+03 1.333029317666660063e+02
3.125134098098725222e-01 2.093705852190236328e+03 9.919691478379536420e+01
3.175159610161296664e-01 1.939017659168661339e+03 7.025604411220410839e+01
3.225221298316593987e-01 1.769706669271690771e+03 4.668464232241967693e+01
3.275181648077024610e-01 1.584773918634135043e+03 2.882744452159386128e+01
3.325123749530838890e-01 1.382479931495443452e+03 1.692430710513144732e+01
3.374959275080861021e-01 1.161765845555055421e+03 1.126247664494439960e+01
3.424919127583013756e-01 9.201130624425131828e+02 1.210828820872120559e+01
3.475179694433840338e-01 6.549032039119629189e+02 1.984100440877955407e+01
3.525059921296320176e-01 3.682901679474161938e+02 3.463000121735967696e+01
3.575140093809558994e-01 5.556987689412198961e+01 5.690008771885186434e+01
3.625250121899730726e-01 -2.838670739333610982e+02 8.691866554017178714e+01
3.675230343842288416e-01 -6.503550425349967554e+02 1.248580206467304379e+02
3.725176954699482845e-01 -1.045952925465884618e+03 1.710420992623548955e+02
3.775162922269590382e-01 -1.472734175004530698e+03 2.258299334323965013e+02
3.825226775013817471e-01 -1.932631790793151595e+03 2.895850035217590630e+02
3.875129949299156440e-01 -2.424862734058639035e+03 3.622713206242769957e+02
3.924957752247316689e-01 -2.951510384790599346e+03 4.442367898612283170e+02
3.975064587042261843e-01 -3.518029805724043399e+03 5.364127470050007105e+02
4.025281591738765763e-01 -4.124448309216881171e+03 6.388954430562444031e+02
4.075225831108514885e-01 -4.767450276484480128e+03 7.511456261919811368e+02
4.125228099574981266e-01 -5.452531078505329788e+03 8.741309658871032298e+02
4.175153165358944651e-01 -6.179302287127356976e+03 1.007802434360608459e+03
4.225112269532310116e-01 -6.950816494534723461e+03 1.152733555107377470e+03
4.275193341825956894e-01 -7.770134458073880523e+03 1.309522874526679516e+03
4.325204712563469056e-01 -8.635687351970002055e+03 1.477879353623837233e+03
4.375072259220963988e-01 -9.547375873044598848e+03 1.657767463606782258e+03
4.424932815306526490e-01 -1.050896312467847019e+04 1.849914805762469769e+03
4.475081036444470417e-01 -1.152805097722169012e+04 2.055852043616585433e+03
4.525091505980504136e-01 -1.259772290775319561e+04 2.274180179483257234e+03
4.575059382916648043e-01 -1.372121844063606113e+04 2.505535186755470932e+03
4.625073094670775209e-01 -1.490202393574221060e+04 2.750618367871269584e+03
4.675075876475687231e-01 -1.614035103542311117e+04 3.009456321449950337e+03
4.725094673409235835e-01 -1.743836983125936240e+04 3.282481454744935036e+03
4.775010455491681127e-01 -1.879432544953282923e+04 3.569297053186222911e+03
4.825040702186400021e-01 -2.021563904375676066e+04 3.871448222711682320e+03
4.875082594715782203e-01 -2.170112004876602441e+04 4.188660535277798772e+03
4.925128965755101174e-01 -2.325208318772353232e+04 4.521187139704823494e+03
4.975154922627240128e-01 -2.486922155088651925e+04 4.869146502306684852e+03
