# kvec, P0, P2
3.798113219970482464e-03 2.943764031331024307e+04 1.479114842335424328e+04
8.299341198366977368e-03 4.559451678432709014e+04 2.282255784097856304e+04
1.293222785829474530e-02 5.439229303749077371e+04 2.707520435190658463e+04
1.764839540059406214e-02 5.590073393138191750e+04 2.762992865236591024e+04
2.256548624743046766e-02 5.291058402428054251e+04 2.593332674899469203e+04
2.777643631869635560e-02 4.767568139221840829e+04 2.315188803388532324e+04
3.269804945164275084e-02 4.194647902659977262e+04 2.017805985132637579e+04
3.761648412163147437e-02 3.671243033582141652e+04 1.749087261072529509e+04
4.263843590653306620e-02 3.245336780451810773e+04 1.530908876490437251e+04
4.756514397867403487e-02 2.927939111427824537e+04 1.366805109029960477e+04
5.262095846540340571e-02 2.697964948533236020e+04 1.244572136615515774e+04
5.756031579008965421e-02 2.527487566320211408e+04 1.150137629059830033e+04
6.254738086573084777e-02 2.385342174764961965e+04 1.069339038693499424e+04
6.757793245805240878e-02 2.248072269340290586e+04 9.925008607606534497e+03
7.255917271873940644e-02 2.100988518830385874e+04 9.147077224933609614e+03
7.753384095836814149e-02 1.940573920275701312e+04 8.354340243430835471e+03
8.251793095580771398e-02 1.773721471842304163e+04 7.580415064285743938e+03
8.752751585855111927e-02 1.610305339064875443e+04 6.860484999921198323e+03
9.254701595891280663e-02 1.461848179484154753e+04 6.226231422460497924e+03
9.754962816585227570e-02 1.335673997840452648e+04 5.690168361090359213e+03
1.025319577549815842e-01 1.234485461802564532e+04 5.245520631530839637e+03
1.075115963337573005e-01 1.156898869056577496e+04 4.876441486327293205e+03
1.125102824869452928e-01 1.097823135195545365e+04 4.560170137466309825e+03
1.175500815351475242e-01 1.051133446072329207e+04 4.277664465778889280e+03
1.225369407693439466e-01 1.010149554598051873e+04 4.014790933343193501e+03
1.275260915928623784e-01 9.697659307630083276e+03 3.764729602119322408e+03
1.325302049517290137e-01 9.266877712057139433e+03 3.527641799717628146e+03
1.375062658167523766e-01 8.799824188300870446e+03 3.305973201555962078e+03
1.425134383761388901e-01 8.309644594503870394e+03 3.103565999617449961e+03
1.475259185391497030e-01 7.817916449726619248e+03 2.921466621795776973e+03
1.525299392618520433e-01 7.351911072270595469e+03 2.757665997674351274e+03
1.574945641255308670e-01 6.931353926636435972e+03 2.608186994960299671e+03
1.625189271701959481e-01 6.567142214067911482e+03 2.467486186247941987e+03
1.675460952755878086e-01 6.260333286129311091e+03 2.331263723904252402e+03
1.725291960336882702e-01 6.002709554963294977e+03 2.196784693395228715e+03
1.775301907015699177e-01 5.782505793952401291e+03 2.063541923711954496e+03
1.825147596880773992e-01 5.585430911462473887e+03 1.933185520714644554e+03
1.875360659894858006e-01 5.399149251369462036e+03 1.808374474189209650e+03
1.925323612841613463e-01 5.213923598817643324e+03 1.692467461131711616e+03
1.975198597713469506e-01 5.024960284984857935e+03 1.587590626735538990e+03
2.025153626490958647e-01 4.832395838666191594e+03 1.494420586440995748e+03
2.075088432181976528e-01 4.639296325061523021e+03 1.411756981778762565e+03
2.125177993514315022e-01 4.451115652250745370e+03 1.336654615750116136e+03
2.175004105537196308e-01 4.272376281553059016e+03 1.266030889591538426e+03
2.225093097263723396e-01 4.106304591162427641e+03 1.196905591139580338e+03
2.275289518807653566e-01 3.954290274912655605e+03 1.127259787704965447e+03
2.325285335280651011e-01 3.815910596942224402e+03 1.056110856065993630e+03
2.375276482184167648e-01 3.689571377491022758e+03 9.835064535922795130e+02
2.424990955345757149e-01 3.572674475776676445e+03 9.104589289997529704e+02
2.474998477592641188e-01 3.462612977264948768e+03 8.383559364528993001e+02
2.525200231637342307e-01 3.356930353028564241e+03 7.688316445048116066e+02
2.575182183021308968e-01 3.253965168721265400e+03 7.030585161114706807e+02
2.625255611121785071e-01 3.152892466066175075e+03 6.416689985424804945e+02
2.675305453620264728e-01 3.053564613887936048e+03 5.846225664542140521e+02
2.725404518957729172e-01 2.956449079332120164e+03 5.312334529108554761e+02
2.775333128253933412e-01 2.862192773537626181e+03 4.805415808767149883e+02
2.825123834702271131e-01 2.771541265942209975e+03 4.313943433191079748e+02
2.875104583320110541e-01 2.684954333017104545e+03 3.828989471032768961e+02
2.924971256070411085e-01 2.602574261237207793e+03 3.344699369473620436e+02
2.975058753683166302e-01 2.524263893247085434e+03 2.858841366432186533e+02
3.025121290118005790e-01 2.449628851184292216e+03 2.372671784840240434e+02
3.075010305668673949e-01 2.378191035474977070e+03 1.889224205198891013e+02
3.125134098098725222e-01 2.309419889423636050e+03 1.412922035098977176e+02
3.175159610161296664e-01 2.242875905783737835e+03 9.474084875179914889e+01
3.225221298316593987e-01 2.178225774398065369e+03 4.952876185551235722e+01
3.275181648077025165e-01 2.115260350065258990e+03 5.757875687271962306e+00
3.325123749530838890e-01 2.053891542428513731e+03 -3.662827946333823093e+01
3.374959275080861021e-01 1.994109170042697997e+03 -7.779814364600599674e+01
3.424919127583013756e-01 1.935968450858328197e+03 -1.180146230132618257e+02
3.475179694433840893e-01 1.879508784093798567e+03 -1.575078882395494020e+02
3.525059921296319621e-01 1.824744376197182191e+03 -1.964630169732836293e+02
3.575140093809558994e-01 1.771647892241117233e+03 -2.350176820540712015e+02
3.625250121899730726e-01 1.720150706269336752e+03 -2.732590126973861970e+02
3.675230343842288971e-01 1.670159644841559839e+03 -3.111917480930590045e+02
3.725176954699483400e-01 1.621561044249676797e+03 -3.487438570139527201e+02
3.775162922269590382e-01 1.574244518084405172e+03 -3.858514824572496309e+02
3.825226775013818026e-01 1.528106444874296130e+03 -4.224673919519556193e+02
3.875129949299156440e-01 1.483062241604535757e+03 -4.585637935845214770e+02
3.924957752247316689e-01 1.439046940979657847e+03 -4.941332827462026671e+02
3.975064587042261843e-01 1.396009781522363937e+03 -5.291965290467139766e+02
4.025281591738766318e-01 1.353913133942797231e+03 -5.638006470376604966e+02
4.075225831108515440e-01 1.312727469653079424e+03 -5.979961639362187498e+02
4.125228099574981266e-01 1.272429798171634047e+03 -6.318340139011165775e+02
4.175153165358944651e-01 1.232993022247789668e+03 -6.653577406285523921e+02
4.225112269532309561e-01 1.194385067956895000e+03 -6.986022444415347081e+02
4.275193341825957449e-01 1.156570353352069787e+03 -7.315884122012353146e+02
4.325204712563468501e-01 1.119510565532653345e+03 -7.643239103660628189e+02
4.375072259220963988e-01 1.083171000661473272e+03 -7.968160354556833909e+02
4.424932815306526490e-01 1.047520529723501568e+03 -8.290725943384361472e+02
4.475081036444470417e-01 1.012525127569122560e+03 -8.610981870777744689e+02
4.525091505980503581e-01 9.781483758264280368e+02 -8.928941057568938504e+02
4.575059382916647488e-01 9.443628725641510755e+02 -9.244608553631467203e+02
4.625073094670774654e-01 9.111496156603709551e+02 -9.558004761004142438e+02
4.675075876475686121e-01 8.784807695793056155e+02 -9.869377094960577779e+02
4.725094673409236390e-01 8.463204149526063702e+02 -1.017916757872097037e+03
4.775010455491682237e-01 8.146489052149411236e+02 -1.048748119137708954e+03
4.825040702186400021e-01 7.834625014323128198e+02 -1.079409432553755096e+03
4.875082594715782203e-01 7.527461405099966214e+02 -1.109905477709649404e+03
4.925128965755101174e-01 7.224719765804280769e+02 -1.140271202078174156e+03
4.975154922627240128e-01 6.926110314821723932e+02 -1.170544225317883956e+03
