3.798113303144000016e-03 1.872005984908880055e+04 1.913594057974779571e+04
8.299341275451999761e-03 3.268553739276160195e+04 1.492552819081740017e+04
1.293222787701999929e-02 3.693923322466239188e+04 1.626929070847841285e+04
1.764839572337000007e-02 3.914836822386718995e+04 2.058233254336512255e+04
2.256548679261000112e-02 3.676644217988599121e+04 1.751069051513984232e+04
2.777643695507000035e-02 3.294584459198600234e+04 1.649392395251520065e+04
3.269805018024000282e-02 2.902851042856600543e+04 1.446734802027819751e+04
3.761648509991000200e-02 2.534490378598759708e+04 1.250676191403291887e+04
4.263843730756999850e-02 2.243864083709120678e+04 1.070312547880472084e+04
4.756514578967999812e-02 2.031912449604519861e+04 9.821673949185358651e+03
5.262096028947999687e-02 1.877775095263719777e+04 8.991545180442961282e+03
5.756031729613000220e-02 1.751257262975120102e+04 8.739404233993840535e+03
6.254738268581000460e-02 1.673933818857040387e+04 8.321957283968200500e+03
6.757793520051000313e-02 1.579632849229359817e+04 7.511871448532961040e+03
7.255917576515999445e-02 1.471617072232400460e+04 6.957809848780120774e+03
7.753384356318999970e-02 1.358564321841320088e+04 6.471803791558360899e+03
8.251793387396999524e-02 1.242571258232759828e+04 5.878808585203599250e+03
8.752751929943999865e-02 1.131511196044079952e+04 5.668869696505960746e+03
9.254701929467000487e-02 1.031885332901243783e+04 4.709281579632040120e+03
9.754963104887999503e-02 9.353455886597801509e+03 4.466045988940600182e+03
1.025319606421000035e-01 8.713884148769519015e+03 4.259806805150559740e+03
1.075115996070999946e-01 8.180098118894759864e+03 3.871783638316399902e+03
1.125102860117000031e-01 7.787080102479598281e+03 3.690747996108279949e+03
1.175500847827000012e-01 7.514959650063321533e+03 3.473704110989000128e+03
1.225369442402999970e-01 7.213143066972357701e+03 3.387280180726520030e+03
1.275260951232999873e-01 6.928629934558919558e+03 3.138429457304040625e+03
1.325302087983999955e-01 6.648507815074519385e+03 2.979563780682959987e+03
1.375062702212999921e-01 6.361231804361039394e+03 2.921289722023239392e+03
1.425134427792000003e-01 5.972733596681358904e+03 2.712558820844079492e+03
1.475259229022000129e-01 5.648416921985160116e+03 2.597136337812879447e+03
1.525299435375999935e-01 5.321039145139481661e+03 2.420282860355880075e+03
1.574945689917000013e-01 5.002344660549159926e+03 2.360333903117440059e+03
1.625189325234999982e-01 4.740891342035961316e+03 2.260740656962839694e+03
1.675461009593000039e-01 4.508541449405560343e+03 2.103233410472800188e+03
1.725292015797000034e-01 4.353570386341279118e+03 1.996358773421000024e+03
1.775301965632999912e-01 4.204319083322039660e+03 1.889423769136679994e+03
1.825147654020999877e-01 4.077501682741239620e+03 1.793476463364639585e+03
1.875360718248000047e-01 3.968665308964879387e+03 1.805300296462959750e+03
1.925323672161000088e-01 3.852922220520079918e+03 1.671505222715999935e+03
1.975198655322999985e-01 3.715316933876919393e+03 1.598151066497239526e+03
2.025153687061999885e-01 3.585603307217679685e+03 1.531088731023600303e+03
2.075088491485000131e-01 3.430454885778680364e+03 1.461896293612000363e+03
2.125178053352999863e-01 3.324170965266279381e+03 1.409771624826639709e+03
2.175004168614000088e-01 3.175428982361439921e+03 1.376608849581760296e+03
2.225093165708000031e-01 3.072474612343560239e+03 1.313394395106879756e+03
2.275289584071999993e-01 2.956853422130599483e+03 1.258490132514599736e+03
2.325285402255000133e-01 2.866635606040439598e+03 1.252735230802679780e+03
2.375276550388999985e-01 2.774701791810759914e+03 1.184901091773619783e+03
2.424991023866999995e-01 2.698860446341479928e+03 1.095616010615180130e+03
2.474998546692999957e-01 2.631587091546520242e+03 1.093923350025168020e+03
2.525200303301000093e-01 2.551895223571080351e+03 1.020961163177391995e+03
2.575182252286999929e-01 2.484641625417920295e+03 9.623720459892321060e+02
2.625255682552000147e-01 2.419354161541640224e+03 9.366620617279957060e+02
2.675305528586000015e-01 2.353222579175560440e+03 9.165974769181841566e+02
2.725404592285999850e-01 2.278226069851520151e+03 8.800543854591679747e+02
2.775333203268999793e-01 2.226750762260759984e+03 8.417449033459840848e+02
2.825123909948999978e-01 2.158863420208840125e+03 8.422057225088158248e+02
2.875104659714000088e-01 2.092729877636640140e+03 7.578294851643361199e+02
2.924971330109999990e-01 2.037460947763039940e+03 7.520004733121280651e+02
2.975058831642000134e-01 1.989615263912359296e+03 7.164170805341683490e+02
3.025121371194000042e-01 1.957548184987560489e+03 7.286255276928080775e+02
3.075010390758000089e-01 1.894958848494840140e+03 6.807379682727838599e+02
3.125134183305000035e-01 1.858988681696280537e+03 6.190159614470080669e+02
3.175159698410000009e-01 1.813403671473120085e+03 6.052206745735959430e+02
3.225221392748000016e-01 1.770695750710600123e+03 5.747325961155361256e+02
3.275181746838999874e-01 1.730240050045239968e+03 5.594767377781959112e+02
3.325123851940999797e-01 1.691667003348360367e+03 5.584967254960639593e+02
3.374959374422000224e-01 1.656571394159200509e+03 5.180577999222718972e+02
3.424919227509000130e-01 1.621083010826279860e+03 5.110952481147240292e+02
3.475179790419000159e-01 1.578291985709040546e+03 4.822160217301159832e+02
3.525060021472999905e-01 1.544829731581760370e+03 4.547852124585160141e+02
3.575140192512999970e-01 1.507052817807239762e+03 4.274925679010719364e+02
3.625250223841999797e-01 1.477849403632239955e+03 4.239085830043439387e+02
3.675230442945000009e-01 1.455458468705320229e+03 4.218824918298399780e+02
3.725177058599000168e-01 1.418798417806039879e+03 3.765713847768438995e+02
3.775163027578999908e-01 1.389079747971240522e+03 3.698434294660040109e+02
3.825226885417000178e-01 1.366609475127640280e+03 3.547745597771559574e+02
3.875130058992000137e-01 1.328912344736600062e+03 3.500424020362079318e+02
3.924957858313000147e-01 1.304606811034279872e+03 3.222297680398640409e+02
3.975064697965000060e-01 1.280022049759839774e+03 3.038424695851240358e+02
4.025281700180000088e-01 1.259467189913040102e+03 2.755815099309560310e+02
4.075225942469000162e-01 1.229869113648999928e+03 2.822836055948600347e+02
4.125228208653000106e-01 1.216092937675279927e+03 2.664136348807879244e+02
4.175153278773000021e-01 1.183982242533600129e+03 2.541127233108400389e+02
4.225112384179999792e-01 1.160809715299079926e+03 2.475881882450720184e+02
4.275193459962999820e-01 1.140285550410520045e+03 2.533459628006839637e+02
4.325204831141000184e-01 1.118588346134680251e+03 2.046969900922159979e+02
4.375072379843999992e-01 1.098452045736519949e+03 2.099904172528360107e+02
4.424932941768000005e-01 1.084696474282200143e+03 1.945575180667480026e+02
4.475081165397000182e-01 1.059497624476199917e+03 1.986452295367879799e+02
4.525091635647000010e-01 1.037513543043919981e+03 1.739113092322279499e+02
4.575059511121000178e-01 1.021850278906911853e+03 1.469208312139471957e+02
4.625073226508000235e-01 1.008922163595847906e+03 1.337081524318479921e+02
4.675076008978999997e-01 9.844484835299844008e+02 1.480341527565059891e+02
4.725094808577999794e-01 9.683771111075999443e+02 1.250247947845444259e+02
4.775010590491999829e-01 9.522106150209999669e+02 1.125905220323499947e+02
4.825040838442000157e-01 9.372406894037117127e+02 1.087381197067088010e+02
4.875082731090999988e-01 9.192445797269078867e+02 8.617018525097721238e+01
4.925129104175999806e-01 9.052727625944920646e+02 9.494227295810753731e+01
4.975155064303999897e-01 8.902824931038240948e+02 7.844444445891309670e+01
