3.798113303144000016e-03 2.038726075859105549e+04 1.040472436536283567e+04
8.299341275451999761e-03 3.131176267932828341e+04 1.605493394651292692e+04
1.293222787701999929e-02 3.730918160543650447e+04 1.910691204159576591e+04
1.764839572337000007e-02 3.836707575315830763e+04 1.957852205767150008e+04
2.256548679261000112e-02 3.635311535157575418e+04 1.845905911927041234e+04
2.777643695507000035e-02 3.282474486037454335e+04 1.657120775731602771e+04
3.269805018024000282e-02 2.892959861036411166e+04 1.451485914948207937e+04
3.761648509991000200e-02 2.537280319137088736e+04 1.265130457590136575e+04
4.263843730756999850e-02 2.249490682440111050e+04 1.114740973742311689e+04
4.756514578967999812e-02 2.033384615074435715e+04 1.001366748784851006e+04
5.262096028947999687e-02 1.877659668198704458e+04 9.185528696626461169e+03
5.756031729613000220e-02 1.762503285363500618e+04 8.560077501374073108e+03
6.254738268581000460e-02 1.667087888787887277e+04 8.034701708728707672e+03
6.757793520051000313e-02 1.574286500954860458e+04 7.529762313183680817e+03
7.255917576515999445e-02 1.473860808651908883e+04 7.001633083044318482e+03
7.753384356318999970e-02 1.363498887695222584e+04 6.444214768733781966e+03
8.251793387396999524e-02 1.247396754232027160e+04 5.879125363798406397e+03
8.752751929943999865e-02 1.133325167412402152e+04 5.340284056202990541e+03
9.254701929467000487e-02 1.029282169253607753e+04 4.858673765845536764e+03
9.754963104887999503e-02 9.409241241461886602e+03 4.452384358830939163e+03
1.025319606421000035e-01 8.705940362567755074e+03 4.124484060584392864e+03
1.075115996070999946e-01 8.173646915518025708e+03 3.865442490455863663e+03
1.125102860117000031e-01 7.778080176800653135e+03 3.658112195253198479e+03
1.175500847827000012e-01 7.472356083106597907e+03 3.483516094378599519e+03
1.225369442402999970e-01 7.208134058990694939e+03 3.325106545738717159e+03
1.275260951232999873e-01 6.944340864686869281e+03 3.171253217623383534e+03
1.325302087983999955e-01 6.654895885309641926e+03 3.016575379419374258e+03
1.375062702212999921e-01 6.332600822088763380e+03 2.861448570518901761e+03
1.425134427792000003e-01 5.986068543184383998e+03 2.709706766661427537e+03
1.475259229022000129e-01 5.634170864970868934e+03 2.566201426388010987e+03
1.525299435375999935e-01 5.298708629536135049e+03 2.434499490536186840e+03
1.574945689917000013e-01 4.997282473131299412e+03 2.315776815686250757e+03
1.625189325234999982e-01 4.739909879298433225e+03 2.208842461646441279e+03
1.675461009593000039e-01 4.527592436894021375e+03 2.111079840287440220e+03
1.725292015797000034e-01 4.355067892745107201e+03 2.019636541821548690e+03
1.775301965632999912e-01 4.212016077810021670e+03 1.932415102172924890e+03
1.825147654020999877e-01 4.086897908290918167e+03 1.848329674598086740e+03
1.875360718248000047e-01 3.968366735470281128e+03 1.767385356994446283e+03
1.925323672161000088e-01 3.848090505737074182e+03 1.690353910879009618e+03
1.975198655322999985e-01 3.721444421819784111e+03 1.618438353992095244e+03
2.025153687061999885e-01 3.587954558087974874e+03 1.552221997135794709e+03
2.075088491485000131e-01 3.451356771517306697e+03 1.491245738318530584e+03
2.125178053352999863e-01 3.316116250684256556e+03 1.434537455247766729e+03
2.175004168614000088e-01 3.187124545512909208e+03 1.380702464229778570e+03
2.225093165708000031e-01 3.068159493729554924e+03 1.328287920878681689e+03
2.275289584071999993e-01 2.960560909909014299e+03 1.276167050865728015e+03
2.325285402255000133e-01 2.864686503096014349e+03 1.223451657233598553e+03
2.375276550388999985e-01 2.778897501055816974e+03 1.169933718374392129e+03
2.424991023866999995e-01 2.700615423186506177e+03 1.115850868421025325e+03
2.474998546692999957e-01 2.627350424890410068e+03 1.061791905124951882e+03
2.525200303301000093e-01 2.556725963776396839e+03 1.008724447810486026e+03
2.575182252286999929e-01 2.486691173589282243e+03 9.576359720958375874e+02
2.625255682552000147e-01 2.416628288400058409e+03 9.090297506977628927e+02
2.675305528586000015e-01 2.346655604528430558e+03 8.631053525223566112e+02
2.725404592285999850e-01 2.277133107990918688e+03 8.197942823424430117e+02
2.775333203268999793e-01 2.209028063510635093e+03 7.783909049919485597e+02
2.825123909948999978e-01 2.143442789384982007e+03 7.379858454069745903e+02
2.875104659714000088e-01 2.081095450062723103e+03 6.977867227941885631e+02
2.924971330109999990e-01 2.022020938086880733e+03 6.572962696508550380e+02
2.975058831642000134e-01 1.966127354327138164e+03 6.161056630262530689e+02
3.025121371194000042e-01 1.913153575483471059e+03 5.740662477894559288e+02
3.075010390758000089e-01 1.862489753426961443e+03 5.315368391265704986e+02
3.125134183305000035e-01 1.813475716287209252e+03 4.890119100768060889e+02
3.175159698410000009e-01 1.765561181322227185e+03 4.469219185286473248e+02
3.225221392748000016e-01 1.718456777972556893e+03 4.054153723730894399e+02
3.275181746838999874e-01 1.671951250077654095e+03 3.645410583848545798e+02
3.325123851940999797e-01 1.625866947176253007e+03 3.243234387894772226e+02
3.374959374422000224e-01 1.580278140773033556e+03 2.846465132105495286e+02
3.424919227509000130e-01 1.535432200541014254e+03 2.452956093470099006e+02
3.475179790419000159e-01 1.491571919603575225e+03 2.060537125334944335e+02
3.525060021472999905e-01 1.448856469444314598e+03 1.667468017834094383e+02
3.575140192512999970e-01 1.407277836141070111e+03 1.272950691851630154e+02
3.625250223841999797e-01 1.366789886578498226e+03 8.764559906168182124e+01
3.675230442945000009e-01 1.327345115003104866e+03 4.775482104149899243e+01
3.725177058599000168e-01 1.288852584851216761e+03 7.646075408454306555e+00
3.775163027578999908e-01 1.251168583082450823e+03 -3.257660787077638531e+01
3.825226885417000178e-01 1.214147738666117903e+03 -7.279701124492638087e+01
3.875130058992000137e-01 1.177655159793613166e+03 -1.129039546556766709e+02
3.924957858313000147e-01 1.141613322143211917e+03 -1.528745326402259650e+02
3.975064697965000060e-01 1.106000093630816082e+03 -1.927774592122376305e+02
4.025281700180000088e-01 1.070797958456869992e+03 -2.326877911118282611e+02
4.075225942469000162e-01 1.035988928936913908e+03 -2.726772098481718558e+02
4.125228208653000106e-01 1.001558784738132090e+03 -3.128025182994061311e+02
4.175153278773000021e-01 9.674997640156518628e+02 -3.531009895066860054e+02
4.225112384179999792e-01 9.338057413441799781e+02 -3.936044029343707393e+02
4.275193459962999820e-01 9.004710099262676977e+02 -4.343408612501355037e+02
4.325204831141000184e-01 8.674855681050376006e+02 -4.753242803572491084e+02
4.375072379843999992e-01 8.348261753676027865e+02 -5.165339602765693598e+02
4.424932941768000005e-01 8.024659045115611207e+02 -5.579369660856607425e+02
4.475081165397000182e-01 7.703787917467427633e+02 -5.994984965500115095e+02
4.525091635647000010e-01 7.385405448677382765e+02 -6.411838354936205633e+02
4.575059511121000178e-01 7.069341205267871828e+02 -6.829821497559573800e+02
4.625073226508000235e-01 6.755498368763469443e+02 -7.249113460836921377e+02
4.675076008978999997e-01 6.443782986079379498e+02 -7.669908676926445423e+02
4.725094808577999794e-01 6.134096077870927957e+02 -8.092381451962280607e+02
4.775010590491999829e-01 5.826334327703216331e+02 -8.516684806834625761e+02
4.825040838442000157e-01 5.520390749534396946e+02 -8.942949438844559609e+02
4.875082731090999988e-01 5.216155333527241282e+02 -9.371282794120202198e+02
4.925129104175999806e-01 4.913515670321007747e+02 -9.801768240749506731e+02
4.975155064303999897e-01 4.612357553989358507e+02 -1.023446433274772630e+03
