3.798113303144000884e-03 2.259756318870783798e+04 1.151982023234298140e+04
8.299341275452003230e-03 3.262582052093147286e+04 1.666740094452682024e+04
1.293222787701999756e-02 3.773702754632937285e+04 1.924980818699526571e+04
1.764839572337001047e-02 3.854400397582972073e+04 1.959314010247933766e+04
2.256548679261000112e-02 3.645295850244696339e+04 1.843954115462394111e+04
2.777643695507001076e-02 3.281801839435304282e+04 1.651357233430076667e+04
3.269805018023999588e-02 2.889666907317825826e+04 1.446092114311218938e+04
3.761648509991000200e-02 2.536246532314115029e+04 1.262229281681806970e+04
4.263843730756999156e-02 2.248715275798136281e+04 1.113227633406787572e+04
4.756514578967998425e-02 2.032781170214118902e+04 1.000840039323649034e+04
5.262096028948000381e-02 1.876664442340083770e+04 9.182473588414704864e+03
5.756031729613000913e-02 1.761606049597730816e+04 8.555607811914411286e+03
6.254738268581004623e-02 1.666143651740845962e+04 8.024718678756428744e+03
6.757793520050997538e-02 1.573209181854178860e+04 7.516155714339705810e+03
7.255917576515999445e-02 1.473067713018079667e+04 6.987386810055451861e+03
7.753384356319001358e-02 1.363410950419575602e+04 6.435259401987327692e+03
8.251793387396995361e-02 1.247853458751975450e+04 5.878595461560044896e+03
8.752751929944001252e-02 1.133861737725964485e+04 5.348621620369634911e+03
9.254701929467001875e-02 1.029691527222404329e+04 4.875856376345846002e+03
9.754963104887999503e-02 9.413688331675495647e+03 4.477244115347340085e+03
1.025319606421000035e-01 8.711490524537081001e+03 4.153976641339460912e+03
1.075115996071000363e-01 8.177775549498969667e+03 3.893279393519245787e+03
1.125102860117000031e-01 7.778957769998653930e+03 3.680333480733708711e+03
1.175500847827000012e-01 7.469946164469487485e+03 3.496596115529598137e+03
1.225369442402999692e-01 7.204637179513068077e+03 3.329665361771169046e+03
1.275260951232999873e-01 6.941739028653364585e+03 3.169711005774784553e+03
1.325302087983999677e-01 6.654112577807337402e+03 3.010618496258739469e+03
1.375062702213000199e-01 6.334544187258927195e+03 2.854624438417145029e+03
1.425134427792000280e-01 5.990741637774382070e+03 2.705648868348916494e+03
1.475259229021999297e-01 5.640592263052658382e+03 2.566217662582602316e+03
1.525299435375999935e-01 5.306302780861056817e+03 2.438545583212707697e+03
1.574945689916998626e-01 5.004867215702187423e+03 2.322635298301161129e+03
1.625189325235000259e-01 4.745007944347143166e+03 2.216082522167596380e+03
1.675461009593001149e-01 4.529863570015565529e+03 2.116875147461546476e+03
1.725292015797000311e-01 4.355156033212958391e+03 2.023308652442138509e+03
1.775301965632999079e-01 4.210244612139041237e+03 1.933321816171073351e+03
1.825147654021000987e-01 4.083357741585256917e+03 1.845969180698796663e+03
1.875360718248000047e-01 3.963955682076685207e+03 1.762016076726201391e+03
1.925323672161000921e-01 3.843719582030968468e+03 1.683147763346230477e+03
1.975198655322999708e-01 3.717757518937440182e+03 1.610631426450103618e+03
2.025153687061998775e-01 3.585409498546841405e+03 1.544826482762458227e+03
2.075088491485000131e-01 3.449615921902533046e+03 1.485235091726493010e+03
2.125178053352999863e-01 3.315278308866873431e+03 1.430571050758680940e+03
2.175004168613999811e-01 3.187107428239389264e+03 1.378908304141955114e+03
2.225093165708000309e-01 3.068135142697528863e+03 1.328127677543638583e+03
2.275289584072001381e-01 2.960327378393527852e+03 1.276924977254007899e+03
2.325285402255000966e-01 2.864251348814020275e+03 1.224977884107723185e+03
2.375276550388998598e-01 2.778975969494479159e+03 1.172596613350717689e+03
2.424991023866998607e-01 2.702166699725405579e+03 1.120230915956983154e+03
2.474998546693000512e-01 2.630653617785564165e+03 1.068259462433163208e+03
2.525200303300998428e-01 2.561779054278192234e+03 1.017449397559003501e+03
2.575182252286998263e-01 2.493865409697952600e+03 9.688630095514322420e+02
2.625255682552000702e-01 2.426070986966961300e+03 9.233054491378558168e+02
2.675305528585998349e-01 2.358339910524286097e+03 8.810932947399018076e+02
2.725404592285999850e-01 2.291333034636127650e+03 8.419579474768183900e+02
2.775333203269001459e-01 2.225981521661236911e+03 8.050756880050047357e+02
2.825123909949000534e-01 2.163073747448531321e+03 7.693330771663944461e+02
2.875104659714001198e-01 2.103310215529994366e+03 7.338092374103841848e+02
2.924971330110002210e-01 2.047014066163262214e+03 6.980081748597779097e+02
2.975058831641999579e-01 1.994153760467005441e+03 6.618292389038830379e+02
3.025121371194002262e-01 1.944583988887559372e+03 6.255353649132473493e+02
3.075010390757998424e-01 1.897792022065164929e+03 5.894088514006847390e+02
3.125134183304999480e-01 1.853253836262337472e+03 5.536691290987461116e+02
3.175159698409998343e-01 1.810515055355601817e+03 5.185605857848195228e+02
3.225221392747999460e-01 1.769094676938987277e+03 4.842756751482320965e+02
3.275181746838998764e-01 1.728636611213204560e+03 4.509403025147421431e+02
3.325123851941000352e-01 1.688959613874716752e+03 4.186312154474447311e+02
3.374959374422000224e-01 1.650015615255831563e+03 3.872360834777647938e+02
3.424919227509001796e-01 1.611836024820843704e+03 3.564297510435213781e+02
3.475179790418999048e-01 1.574527294546741359e+03 3.259185301210508214e+02
3.525060021472999350e-01 1.538799172362600757e+03 2.959140462405389371e+02
3.575140192513000525e-01 1.504436417881352099e+03 2.658644809033980891e+02
3.625250223841999242e-01 1.471773956027369422e+03 2.356707534300744555e+02
3.675230442945001119e-01 1.441117943297953389e+03 2.052283894286429131e+02
3.725177058599000723e-01 1.412606512391615979e+03 1.742799706076712027e+02
3.775163027578998798e-01 1.386404950206935609e+03 1.425797756059528183e+02
3.825226885416999623e-01 1.362708515073361923e+03 1.098997209136759921e+02
3.875130058991997362e-01 1.341830169640044915e+03 7.619763072334171738e+01
3.924957858312999592e-01 1.323920122071649530e+03 4.122464869155373890e+01
3.975064697965001170e-01 1.309075983375267242e+03 4.523089772788807750e+00
4.025281700180000088e-01 1.297593400797923096e+03 -3.400369756743748439e+01
4.075225942469001272e-01 1.289750828566611744e+03 -7.425466300417610910e+01
4.125228208653001771e-01 1.285680272018624237e+03 -1.166847812374762725e+02
4.175153278773001131e-01 1.285596812440518988e+03 -1.613781979495397536e+02
4.225112384179999792e-01 1.289701421127887443e+03 -2.086316529897158034e+02
4.275193459963000930e-01 1.298228213077294640e+03 -2.587412707170296926e+02
4.325204831140999628e-01 1.311358654057723470e+03 -3.117205899520195089e+02
4.375072379844000547e-01 1.329249791635200381e+03 -3.676721963518357370e+02
4.424932941767998340e-01 1.352134352036402561e+03 -4.269347349796444178e+02
4.475081165396999072e-01 1.380397179828258231e+03 -4.900876702613895759e+02
4.525091635647000010e-01 1.414029324493836612e+03 -5.568122969604446553e+02
4.575059511121001843e-01 1.453272218930767849e+03 -6.274160624266951345e+02
4.625073226508000790e-01 1.498402757806004956e+03 -7.022250467679696158e+02
4.675076008978997777e-01 1.549582746426109225e+03 -7.813594217887730338e+02
4.725094808578002015e-01 1.607047748911427334e+03 -8.650633993471274152e+02
4.775010590491999274e-01 1.670850979721406475e+03 -9.533261115719797090e+02
4.825040838441996827e-01 1.741479501707712188e+03 -1.046734446981456131e+03
4.875082731090998878e-01 1.819020615599351004e+03 -1.145316162733477540e+03
4.925129104175999806e-01 1.903673976302146912e+03 -1.249260890370933339e+03
4.975155064303998786e-01 1.995601383174071088e+03 -1.358715505574131384e+03
