# kvec, P0, P2
3.798113303144000016e-03 2.045345637689311479e+04 1.041230242118740716e+04
8.299341275451999761e-03 3.145457467156670828e+04 1.609163281625572199e+04
1.293222787701999929e-02 3.746381242378248135e+04 1.914282251187045404e+04
1.764839572337000007e-02 3.850502666493543074e+04 1.961057617247509552e+04
2.256548679261000112e-02 3.647336903773887025e+04 1.849023457845929079e+04
2.777643695507000035e-02 3.290624921219794487e+04 1.659195768154595135e+04
3.269805018024000282e-02 2.899618409351189985e+04 1.454089956146026270e+04
3.761648509991000200e-02 2.541773668213028213e+04 1.267722315295614499e+04
4.263843730756999850e-02 2.250382314997174399e+04 1.116375686814958681e+04
4.756514578967999812e-02 2.033391410416008875e+04 1.003287378361387709e+04
5.262096028947999687e-02 1.876660098405649842e+04 9.203907836405480339e+03
5.756031729613000220e-02 1.761125474268936523e+04 8.577821514615718115e+03
6.254738268581000460e-02 1.665271117300256083e+04 8.049885476020887836e+03
6.757793520051000313e-02 1.572677349423410851e+04 7.544644946602582422e+03
7.255917576515999445e-02 1.472788585298264843e+04 7.018731189303878637e+03
7.753384356318999970e-02 1.362885145259957062e+04 6.464009583422479409e+03
8.251793387396999524e-02 1.247595434680975814e+04 5.904476201224441866e+03
8.752751929943999865e-02 1.133890277392493226e+04 5.369943118790910376e+03
9.254701929467000487e-02 1.030145087456848887e+04 4.891873497986832263e+03
9.754963104887999503e-02 9.418648766285925376e+03 4.487324682472204586e+03
1.025319606421000035e-01 8.713512227556628204e+03 4.158179139819959346e+03
1.075115996070999946e-01 8.178867137608367557e+03 3.896051012593209180e+03
1.125102860117000031e-01 7.779824382134396728e+03 3.683758278034534669e+03
1.175500847827000012e-01 7.472257282878995284e+03 3.503900410699224267e+03
1.225369442402999970e-01 7.206300214539531225e+03 3.340126377182040414e+03
1.275260951232999873e-01 6.942719094259999110e+03 3.181722544619449764e+03
1.325302087983999955e-01 6.654883996914419185e+03 3.023859373077693363e+03
1.375062702212999921e-01 6.334417753482947774e+03 2.866432691229867032e+03
1.425134427792000003e-01 5.990525666658035334e+03 2.713475199995041748e+03
1.475259229022000129e-01 5.640014162848286105e+03 2.568892453870724239e+03
1.525299435375999935e-01 5.305181527861991526e+03 2.435910058333459801e+03
1.574945689917000013e-01 5.002939357537766227e+03 2.315567597232995013e+03
1.625189325234999982e-01 4.743666886892792718e+03 2.206723625525526586e+03
1.675461009593000039e-01 4.529535004887085961e+03 2.107327315798320797e+03
1.725292015797000034e-01 4.354853211908105550e+03 2.014680526989086957e+03
1.775301965632999912e-01 4.210392457571922023e+03 1.926773622684854217e+03
1.825147654020999877e-01 4.084212859636877056e+03 1.842423211044561185e+03
1.875360718248000047e-01 3.965538691433523582e+03 1.761439082166218213e+03
1.925323672161000088e-01 3.845370805669622769e+03 1.684546996931011563e+03
1.975198655322999985e-01 3.719039998167058002e+03 1.612531531049213754e+03
2.025153687061999885e-01 3.586277635939049560e+03 1.546086237950694795e+03
2.075088491485000131e-01 3.449813401565882032e+03 1.485131127185251671e+03
2.125178053352999863e-01 3.314904710749639435e+03 1.428797307784689792e+03
2.175004168614000088e-01 3.186162693896519158e+03 1.375873350676310110e+03
2.225093165708000031e-01 3.067180790546588469e+03 1.324902665133868595e+03
2.275289584071999993e-01 2.959805562923836078e+03 1.274711550131627746e+03
2.325285402255000133e-01 2.864121979923112121e+03 1.224477197599339888e+03
2.375276550388999985e-01 2.778888960393897833e+03 1.173923920065652055e+03
2.424991023866999995e-01 2.701687863698877663e+03 1.123321755686318966e+03
2.474998546692999957e-01 2.629914538075771816e+03 1.073318531737565536e+03
2.525200303301000093e-01 2.560954224665930724e+03 1.024871080906606949e+03
2.575182252286999929e-01 2.492977627697089702e+03 9.787353432045920272e+02
2.625255682552000147e-01 2.425007903114363671e+03 9.354048656649540590e+02
2.675305528586000015e-01 2.356873212607145888e+03 8.949713798455102278e+02
2.725404592285999850e-01 2.289150340567964122e+03 8.571253724833525212e+02
2.775333203268999793e-01 2.222686990917063667e+03 8.212737735918526596e+02
2.825123909948999978e-01 2.158510252551403028e+03 7.865860883376396941e+02
2.875104659714000088e-01 2.097379383483398215e+03 7.523316167708160265e+02
2.924971330109999990e-01 2.039733762422155905e+03 7.179290429949228383e+02
2.975058831642000134e-01 1.985586453497835237e+03 6.831260937701549665e+02
3.025121371194000042e-01 1.934543436431035843e+03 6.479973298592913125e+02
3.075010390758000089e-01 1.886080254820753453e+03 6.127635573422828656e+02
3.125134183305000035e-01 1.839585031071026378e+03 5.777628564263347926e+02
3.175159698410000009e-01 1.794517885547613105e+03 5.433406689697935690e+02
3.225221392748000016e-01 1.750435013546465598e+03 5.098246500359801985e+02
3.275181746838999874e-01 1.707080936132975921e+03 4.773769823500360872e+02
3.325123851940999797e-01 1.664389644993479351e+03 4.459860151478474108e+02
3.374959374422000224e-01 1.622415000176749800e+03 4.155179836717480839e+02
3.424919227509000130e-01 1.581312210671851972e+03 3.857327413053312739e+02
3.475179790419000159e-01 1.541223443927290873e+03 3.563872357022273718e+02
3.525060021472999905e-01 1.502264626981629362e+03 3.272492918360608201e+02
3.575140192512999970e-01 1.464502891713439794e+03 2.981360998999049343e+02
3.625250223841999797e-01 1.427951318878604297e+03 2.689240353453329817e+02
3.675230442945000009e-01 1.392535376301138058e+03 2.396130581792377825e+02
3.725177058599000168e-01 1.358099023682986399e+03 2.103193839129576190e+02
3.775163027578999908e-01 1.324496056978647403e+03 1.811429105098441141e+02
3.825226885417000178e-01 1.291599668276925513e+03 1.521561393409509719e+02
3.875130058992000137e-01 1.259310337019285271e+03 1.234211170043771517e+02
3.924957858313000147e-01 1.227556957098093108e+03 9.498742054178501348e+01
3.975064697965000060e-01 1.196301691436352939e+03 6.685450467365944860e+01
4.025281700180000088e-01 1.165538122410594951e+03 3.897207079365716709e+01
4.075225942469000162e-01 1.135268977406629801e+03 1.127888126090954302e+01
4.125228208653000106e-01 1.105502732059624122e+03 -1.629181863222868287e+01
4.175153278773000021e-01 1.076241308467926501e+03 -4.379573130270216552e+01
4.225112384179999792e-01 1.047479154696787191e+03 -7.127635077168804401e+01
4.275193459962999820e-01 1.019205736682072938e+03 -9.876908629606771228e+01
4.325204831141000184e-01 9.914047528218094385e+02 -1.262996733089588588e+02
4.375072379843999992e-01 9.640434803530263252e+02 -1.538636000519993559e+02
4.424932941768000005e-01 9.370743130652808759e+02 -1.814285635133221604e+02
4.475081165397000182e-01 9.104603424622073362e+02 -2.089786881188446159e+02
4.525091635647000010e-01 8.841762825372067027e+02 -2.365159937561569450e+02
4.575059511121000178e-01 8.581930394992414222e+02 -2.640323184714363833e+02
4.625073226508000235e-01 8.324789886990051855e+02 -2.915106661651395825e+02
4.675076008978999997e-01 8.070280950192648106e+02 -3.189663084217306732e+02
4.725094808577999794e-01 7.818574312106821935e+02 -3.464448616564706072e+02
4.775010590491999829e-01 7.569549848336307605e+02 -3.739632053695027025e+02
4.825040838442000157e-01 7.322799377296371404e+02 -4.015086346708726524e+02
4.875082731090999988e-01 7.078160850553566661e+02 -4.290876009562648505e+02
4.925129104175999806e-01 6.835744926038539688e+02 -4.567284171637704731e+02
4.975155064303999897e-01 6.595686416723517596e+02 -4.844613326658748065e+02
